299 306 347
131 567 200
131 568 197
131 576 191
131 584 187
266 335 292
131 488 201
131 484 204
285 321 330
311 296 349
131 591 184
131 586 186
303 307 345
306 311 330
306 310 335
296 317 330
473 127 2
207 522 188
295 320 331
471 27 32
225 520 157
229 507 161
231 505 164
232 504 164
232 501 165
236 500 165
237 503 164
237 504 163
240 497 163
243 496 171
245 483 179
247 486 178
249 485 178
250 482 185
260 470 195
287 465 196
301 473 194
469 34 32
227 516 159
468 34 33
285 462 198
467 37 46
466 59 54
465 62 66
467 17 104
468 26 100
466 21 124
465 24 124
464 26 126
464 31 122
133 596 182
472 21 31
316 294 348
472 138 4
463 121 69
478 118 4
474 75 14
470 103 16
469 119 16
471 65 17
462 137 74
471 90 16
467 93 43
472 82 16
462 132 75
470 72 20
465 97 47
464 114 47
471 62 19
466 95 44
287 311 342
267 338 279
468 120 19
271 327 302
467 126 20
135 558 194
466 129 21
251 350 250
465 129 22
254 353 249
464 129 23
208 392 234
463 136 29
230 378 246
451 151 9
240 361 255
435 161 7
225 378 247
424 170 11
245 357 252
423 170 18
367 178 15
377 171 18
233 364 249
374 172 17
234 371 248
143 479 199
145 475 198
149 471 200
151 472 199
154 467 199
155 466 201
157 455 203
160 444 211
163 437 223
166 436 225
258 341 275
148 483 197
152 479 197
155 474 197
157 477 196
161 477 195
164 464 198
167 464 197
169 473 196
173 466 196
252 432 204
256 434 202
260 432 203
263 431 203
265 429 203
266 427 206
268 422 206
270 421 206
274 420 206
276 419 208
287 323 328
304 326 327
319 289 348
322 290 346
323 296 338
305 307 344
307 309 343
318 296 347
270 328 279
272 327 280
162 464 202
168 440 208
171 435 208
171 441 205
173 429 205
175 438 201
177 436 204
201 427 210
158 453 212
256 359 248
256 360 246
258 360 245
262 353 247
266 354 244
268 358 243
271 363 239
272 365 237
274 365 233
277 365 232
277 364 236
279 353 235
283 351 235
285 352 234
284 350 245
286 346 245
287 345 245
291 344 245
295 343 249
298 342 245
300 344 243
302 346 242
304 350 239
305 349 240
305 359 233
322 381 231
324 380 230
208 408 230
211 394 233
213 394 228
214 392 231
216 392 230
219 387 229
221 387 226
221 386 228
228 393 225
231 395 224
235 396 221
239 399 220
241 401 219
245 407 218
249 407 214
253 406 212
257 401 212
258 400 213
262 395 213
264 394 213
266 402 210
270 397 212
272 393 212
275 385 222
232 379 245
233 383 244
236 382 244
237 380 243
239 381 242
243 380 242
247 383 237
242 360 255
227 381 246
229 384 245
247 357 251
263 375 243
235 362 251
239 362 247
243 363 246
246 362 246
248 362 245
248 365 244
271 347 246
237 373 246
261 422 209
264 420 209
265 426 208
182 427 218
186 428 217
187 424 217
190 422 221
194 413 235
194 416 231
197 408 231
200 401 231
204 395 232
143 471 203
147 469 203
149 468 204
152 459 213
154 459 212
156 458 212
158 444 213
472 63 17
141 469 205
475 62 17
321 290 347
476 69 15
475 75 10
481 92 7
479 110 2
469 146 6
448 153 5
447 155 6
450 152 3
449 153 2
444 158 22
441 160 15
445 157 12
429 164 10
429 168 5
432 162 6
424 171 7
428 169 2
427 169 3
368 178 3
372 173 6
369 175 2
368 177 15
284 312 333
473 15 28
296 315 332
134 593 178
133 563 195
135 606 159
134 608 161
133 600 162
476 11 40
133 616 123
309 298 345
135 596 174
469 13 95
132 621 122
324 283 352
467 14 109
133 583 187
465 20 126
135 485 203
131 613 164
134 619 122
133 480 210
133 492 199
137 491 199
141 484 199
135 586 183
138 576 184
141 579 183
142 583 182
149 583 181
147 568 188
149 562 191
138 548 196
142 537 196
144 534 197
137 609 158
140 604 159
143 603 159
142 588 171
146 587 171
135 599 162
142 593 160
146 591 161
163 565 178
134 614 123
140 610 125
142 608 129
145 593 129
147 594 128
150 580 128
152 567 128
155 566 128
158 575 127
161 573 127
165 556 130
167 549 132
169 547 132
173 532 132
175 530 134
136 588 175
141 608 133
144 607 146
472 15 35
133 620 119
135 611 119
471 44 23
478 73 9
480 76 8
486 70 2
491 30 2
491 29 3
490 30 14
490 37 10
490 28 15
490 39 2
473 19 27
331 6 127
325 11 135
134 569 187
309 304 337
284 326 330
275 321 337
259 342 274
288 321 329
135 581 186
474 14 26
357 184 2
299 309 346
358 183 15
348 185 17
332 214 10
333 197 4
339 188 2
134 481 205
333 211 2
335 190 2
334 197 2
474 14 26
474 14 26
133 560 196
473 13 29
474 12 30
476 12 28
478 11 36
479 11 27
474 125 2
475 11 66
474 11 77
473 11 89
472 11 91
468 11 108
468 11 108
474 26 23
472 36 22
472 43 21
472 44 20
472 55 18
473 49 18
476 70 10
478 69 10
482 68 9
482 73 7
483 77 5
488 62 2
489 60 2
492 28 2
492 28 2
492 28 2
492 28 2
492 28 2
492 28 2
492 28 2
492 28 2
492 28 2
492 28 2
492 28 2
285 320 332
474 16 25
474 23 24
472 52 19
473 65 16
474 70 15
476 75 10
480 70 9
482 76 6
483 75 6
484 82 4
485 83 2
483 98 2
481 99 2
480 100 2
472 144 2
470 146 2
469 148 2
448 154 2
448 154 2
448 154 2
448 154 2
448 154 2
448 154 2
448 154 2
448 154 2
448 154 2
448 154 2
448 154 2
448 154 2
448 154 2
448 154 2
448 154 2
448 154 2
442 159 2
442 159 2
442 159 2
442 159 2
442 159 2
430 163 2
430 163 2
430 163 2
430 163 2
430 163 2
430 163 2
430 163 2
430 163 2
430 163 2
425 170 2
425 170 2
425 170 2
425 170 2
327 6 131
369 177 2
369 177 2
369 177 2
369 177 2
369 177 2
369 177 2
369 177 2
369 177 2
369 177 2
369 177 2
369 177 2
369 177 2
369 177 2
369 177 2
369 177 2
369 177 2
369 177 2
369 177 2
369 177 2
369 177 2
369 177 2
369 177 2
369 177 2
369 177 2
369 177 2
369 177 2
369 177 2
369 177 2
369 177 2
369 177 2
369 177 2
369 177 2
369 177 2
369 177 2
369 177 2
369 177 2
369 177 2
369 177 2
369 177 2
369 177 2
369 177 2
369 177 2
369 177 2
369 177 2
369 177 2
369 177 2
369 177 2
366 182 2
366 182 2
326 6 135
301 306 346
133 585 184
474 16 45
474 16 45
474 16 45
474 16 45
474 16 45
474 16 45
474 16 45
474 16 45
474 16 45
474 16 45
474 16 45
474 16 45
474 16 45
474 16 45
474 16 45
474 16 45
474 16 45
261 339 277
131 487 203
306 305 345
318 290 351
131 570 194
314 293 349
303 305 346
324 287 351
131 572 193
317 292 350
131 574 192
131 577 190
131 578 189
131 581 188
131 593 183
131 602 182
131 604 177
131 604 177
131 607 175
131 609 174
131 610 172
131 611 171
131 612 170
131 614 161
131 614 161
131 614 161
131 614 161
131 614 161
131 614 161
131 614 161
131 616 160
131 624 158
131 626 122
131 626 122
131 626 122
131 626 122
131 626 122
131 626 122
131 626 122
131 626 122
131 626 122
131 626 122
131 626 122
131 626 122
131 626 122
131 626 122
131 626 122
131 626 122
131 626 122
131 626 122
131 626 122
131 626 122
131 626 122
131 626 122
131 626 122
131 626 122
131 627 121
131 483 205
263 337 280
268 331 300
142 480 204
138 480 205
131 481 206
255 344 261
257 343 267
250 347 251
253 347 250
220 385 247
219 386 245
228 379 246
223 380 247
230 375 247
232 372 247
