115 211 3005
118 210 3000
132 204 3000
136 204 2998
138 204 2997
142 202 2976
146 204 2975
149 204 2974
121 210 2997
123 207 2995
132 209 2968
134 208 2954
138 207 2952
150 208 2909
152 209 2907
154 209 2903
157 210 2902
161 209 2895
169 210 2891
663 16 369
128 210 2975
671 4 190
669 6 270
131 210 2960
670 5 262
668 7 277
121 214 2982
666 10 281
137 212 2940
665 14 339
145 206 2917
149 205 2920
141 209 2928
153 204 2914
157 204 2910
162 205 2901
160 205 2906
180 200 2864
123 209 2982
127 210 2977
129 209 2979
142 208 2940
150 205 2917
152 203 2933
155 203 2928
158 203 2915
162 202 2917
198 196 2812
150 214 2907
154 212 2885
156 213 2873
160 213 2865
163 214 2863
166 211 2856
169 217 2841
173 217 2839
176 217 2836
179 219 2818
183 219 2813
185 219 2808
189 220 2803
192 218 2784
194 216 2785
198 216 2773
202 219 2769
206 219 2765
208 218 2751
211 218 2749
214 216 2738
216 214 2736
218 214 2726
220 214 2722
223 215 2721
227 215 2696
230 222 2695
147 205 2953
163 202 2896
163 203 2895
167 203 2893
170 203 2890
175 216 2854
165 201 2962
169 199 2994
170 201 2895
175 202 2873
181 201 2854
185 200 2830
189 200 2828
196 207 2808
198 207 2805
176 199 2873
179 199 2868
186 194 2838
189 195 2836
199 192 2806
203 192 2799
189 190 2843
197 194 2814
210 184 2773
212 184 2770
230 178 2698
255 170 2654
257 170 2646
261 169 2645
263 169 2641
207 182 2785
208 182 2781
218 182 2754
214 187 2757
214 186 2764
227 168 2703
231 168 2682
233 170 2678
236 166 2670
240 166 2666
243 166 2664
246 165 2671
252 163 2674
258 162 2657
262 161 2654
266 161 2646
267 161 2645
270 161 2631
235 181 2673
253 176 2616
255 176 2613
261 171 2610
262 170 2605
266 168 2620
267 167 2614
269 167 2611
242 173 2662
245 171 2641
247 171 2632
251 173 2628
254 171 2621
257 171 2619
259 171 2614
241 188 2650
240 188 2658
249 174 2622
252 177 2619
253 177 2614
256 177 2608
256 178 2604
258 178 2597
262 181 2594
262 182 2593
265 181 2586
257 172 2615
261 173 2609
264 172 2593
267 171 2603
270 171 2600
269 179 2588
267 168 2611
266 167 2624
126 207 2991
673 3 160
664 17 305
321 15 1535
326 14 1534
662 18 331
659 19 376
325 14 1536
656 26 472
334 16 1513
334 17 1511
328 14 1529
341 1 1573
668 12 213
666 14 259
655 26 483
643 18 648
646 7 621
641 18 655
657 5 478
648 6 581
656 7 509
645 8 631
647 5 615
644 16 640
639 20 669
640 20 668
650 4 569
650 6 568
660 3 459
659 5 471
282 2 1582
667 12 229
663 17 324
344 1 1560
666 13 279
654 28 495
346 1 1554
661 19 350
658 21 391
656 24 494
357 8 1537
358 8 1535
342 1 1561
361 8 1530
364 8 1526
368 8 1522
371 9 1517
374 9 1513
373 12 1515
376 12 1511
378 12 1510
389 15 1499
393 16 1498
395 16 1483
399 18 1480
402 18 1479
403 18 1478
405 21 1476
408 21 1475
409 21 1470
410 21 1469
413 22 1467
416 24 1466
418 26 1457
421 26 1456
423 26 1443
425 26 1442
429 30 1438
431 31 1436
433 32 1434
434 35 1426
436 35 1422
438 37 1421
440 41 1420
442 41 1414
453 56 1406
454 58 1401
353 7 1543
356 8 1541
636 30 781
670 11 197
669 11 206
134 207 2964
136 207 2962
356 5 1545
358 7 1542
363 12 1527
367 13 1523
368 13 1519
374 13 1510
376 13 1508
379 13 1501
381 15 1500
339 0 1578
287 15 1576
368 71 1449
371 82 1445
374 82 1442
407 98 1431
408 97 1430
409 98 1425
411 101 1416
413 101 1411
413 103 1408
413 104 1406
417 100 1423
418 97 1425
420 97 1424
419 98 1423
431 107 1398
435 107 1397
439 107 1395
440 107 1394
442 106 1392
444 105 1382
446 106 1381
445 103 1390
446 104 1388
448 103 1389
278 2 1594
280 2 1590
283 3 1578
284 4 1577
288 6 1574
291 6 1573
293 6 1570
295 6 1569
296 7 1567
298 7 1555
302 7 1551
304 7 1549
307 10 1545
309 10 1544
312 10 1543
313 12 1540
315 13 1539
323 15 1528
324 15 1525
326 15 1517
328 18 1515
330 18 1514
331 18 1503
335 18 1502
339 18 1499
342 18 1495
344 18 1494
347 20 1480
350 21 1477
352 24 1476
354 27 1472
355 27 1469
357 27 1467
361 27 1463
365 27 1461
370 29 1459
372 29 1455
373 28 1454
289 9 1568
291 9 1566
295 9 1564
298 12 1553
299 12 1548
301 13 1542
302 14 1538
305 17 1533
603 6 1066
596 1 1110
599 2 1083
596 2 1104
593 8 1125
590 6 1138
581 1 1232
582 2 1229
582 4 1225
580 1 1265
579 2 1263
579 3 1261
567 0 1355
567 24 1352
555 2 1372
557 2 1367
558 2 1364
560 3 1363
559 4 1362
560 8 1361
545 2 1446
546 2 1444
544 8 1449
609 4 947
608 6 962
607 8 968
608 9 961
608 10 960
618 5 870
612 9 919
611 11 926
611 13 920
585 6 1190
586 6 1183
586 7 1181
586 8 1180
130 207 2969
674 3 147
275 0 1595
117 214 2999
119 215 2994
166 201 2899
171 197 2897
172 200 2878
184 194 2848
187 191 2840
194 192 2818
200 186 2801
199 184 2814
203 182 2803
204 185 2791
212 182 2776
211 186 2772
215 181 2758
225 170 2712
241 174 2658
241 187 2651
334 0 1589
335 0 1580
272 1 1609
273 0 1599
272 0 1611
604 8 1037
602 0 1069
597 1 1091
598 2 1088
597 0 1095
592 8 1129
588 5 1144
588 1 1150
581 0 1236
580 0 1267
557 0 1370
553 6 1384
552 0 1386
545 1 1447
543 5 1451
613 1 924
612 0 935
617 0 872
586 0 1184
577 4 1312
615 0 890
584 0 1192
538 3 1464
675 3 142
333 0 1591
334 1 1584
661 0 443
658 2 504
656 2 515
651 4 546
650 3 575
649 1 613
645 1 651
637 0 738
633 3 786
659 0 487
625 3 818
665 2 386
664 1 425
646 4 640
626 2 813
620 1 858
667 3 318
119 216 2975
672 4 141
678 1 187
115 212 3004
115 213 3003
115 215 3002
115 217 2992
169 200 2896
172 195 2891
174 194 2874
177 194 2869
181 194 2864
183 193 2860
186 193 2856
192 192 2824
196 189 2819
198 184 2815
201 184 2811
204 184 2794
209 182 2777
207 184 2776
215 180 2781
216 179 2769
213 181 2769
219 179 2741
223 179 2725
224 178 2722
237 177 2666
239 177 2664
242 176 2648
333 0 1595
333 0 1595
333 0 1595
333 0 1595
271 0 1613
271 0 1613
271 0 1613
271 0 1613
271 0 1613
271 0 1613
271 0 1613
271 0 1613
271 0 1613
271 0 1613
271 0 1613
271 0 1613
271 0 1613
271 0 1613
271 0 1613
271 0 1613
271 0 1613
271 0 1613
271 0 1613
271 0 1613
271 0 1613
271 0 1613
271 0 1613
271 0 1613
271 0 1613
271 0 1613
271 0 1613
271 0 1613
271 0 1613
271 0 1613
271 0 1613
271 0 1613
271 0 1613
271 0 1613
271 0 1613
271 0 1613
271 0 1613
271 0 1613
271 0 1613
271 0 1613
271 0 1613
271 0 1613
271 0 1613
271 0 1613
271 0 1613
271 0 1613
271 0 1613
271 0 1613
271 0 1613
271 0 1613
271 0 1613
271 0 1613
271 0 1613
271 0 1613
271 0 1613
271 0 1613
271 0 1613
666 0 367
648 0 626
663 0 428
657 0 511
656 0 517
654 0 528
652 0 540
651 0 553
650 0 597
646 0 646
644 0 683
641 0 697
638 0 733
633 0 787
631 0 793
630 0 799
629 0 806
681 0 171
668 0 315
647 0 632
670 0 287
662 0 441
627 0 807
667 0 344
653 0 535
665 0 421
660 0 478
658 0 510
655 0 525
649 0 618
645 0 676
639 0 731
626 0 816
621 0 854
620 0 859
619 0 864
679 0 174
680 0 173
611 0 944
609 0 975
608 0 983
607 0 992
605 0 1012
604 0 1058
601 0 1071
600 0 1079
598 0 1089
595 0 1111
594 0 1123
592 0 1131
591 0 1132
589 0 1139
588 0 1152
582 0 1233
578 0 1270
566 0 1361
555 0 1376
554 0 1381
551 0 1396
549 0 1398
548 0 1406
544 0 1451
543 0 1454
674 0 204
614 0 925
606 0 1010
587 0 1183
571 0 1344
674 0 204
613 0 929
583 0 1218
574 0 1318
573 0 1321
572 0 1322
675 0 202
677 0 198
577 0 1313
676 0 201
616 0 885
610 0 961
569 0 1346
541 0 1459
540 0 1461
539 0 1463
672 0 209
115 219 2991
115 222 2988
