157 17 0
157 17 0
157 17 0
84 154 0
88 147 0
86 150 0
87 149 0
157 17 0
78 158 0
157 17 0
157 17 0
157 17 0
157 17 0
157 17 0
157 17 0
157 17 0
157 17 0
157 17 0
157 17 0
157 17 0
157 17 0
157 17 0
157 17 0
157 17 0
157 17 0
157 17 0
157 17 0
157 17 0
131 133 0
157 17 0
157 17 0
135 131 0
157 17 0
137 130 0
157 17 0
157 17 0
157 17 0
157 17 0
156 18 0
155 20 0
154 26 0
143 128 0
129 134 0
120 135 0
138 129 0
145 127 0
152 37 0
150 41 0
100 144 0
153 30 0
102 142 0
104 139 0
106 137 0
149 67 0
148 70 0
147 75 0
146 100 0
96 146 0
68 164 0
159 16 0
72 162 0
76 160 0
74 161 0
82 157 0
