141 120 0
137 123 0
96 145 0
140 121 0
153 21 0
133 124 0
112 138 0
110 140 0
97 144 0
154 17 0
92 148 0
55 160 0
57 159 0
95 146 0
149 42 0
93 147 0
146 86 0
152 26 0
150 34 0
126 126 0
115 131 0
115 130 0
117 127 0
114 132 0
151 30 0
59 155 0
148 47 0
61 154 0
62 152 0
64 151 0
143 89 0
66 149 0
147 57 0
155 14 0
53 162 0
155 14 0
155 14 0
155 14 0
155 14 0
155 14 0
155 14 0
155 14 0
155 14 0
155 14 0
155 14 0
155 14 0
155 14 0
155 14 0
155 14 0
155 14 0
155 14 0
155 14 0
155 14 0
155 14 0
155 14 0
