42 42 0
32 31 43
46 0 2
38 31 35
38 28 37
40 33 26
33 34 40
35 34 39
49 1 0
46 0 2
30 131 24
46 0 2
30 29 44
38 109 15
30 115 27
37 88 23
37 25 40
42 31 22
40 75 23
43 34 21
39 27 37
43 41 0
37 36 35
43 11 36
45 17 0
37 21 42
41 68 17
42 19 37
40 17 38
38 36 30
41 16 38
41 20 30
38 19 42
40 77 19
43 19 31
42 20 23
44 10 1
39 20 38
44 36 0
35 36 36
39 88 20
46 5 0
33 24 42
46 0 2
46 0 2
45 0 12
35 24 41
32 115 23
51 0 0
29 65 42
31 109 27
48 2 0
33 36 39
34 115 22
47 3 0
31 131 23
41 81 0
48 0 1
33 131 19
33 109 23
36 109 19
36 107 23
37 133 14
27 131 27
27 131 27
29 34 43
31 34 41
34 30 41
40 30 32
27 34 44
38 30 36
36 30 37
