56 59 12
31 63 46
33 81 43
34 63 43
36 63 41
67 0 12
37 63 37
65 0 15
38 64 35
65 2 14
40 64 34
42 64 33
66 2 11
43 64 32
43 63 34
68 2 1
44 63 25
44 65 24
46 66 23
46 52 27
55 58 13
57 58 12
29 63 49
64 1 17
64 125 0
35 61 48
29 150 41
68 3 0
60 44 32
67 6 1
33 147 40
66 27 0
37 61 47
39 61 45
35 120 41
59 51 10
46 49 28
54 52 14
49 49 21
50 49 19
61 51 9
52 49 18
62 50 9
58 49 14
63 50 7
60 47 22
61 47 20
62 47 19
62 46 20
64 46 13
47 47 25
47 49 23
31 150 40
63 37 26
63 32 36
63 33 35
55 61 9
58 61 6
57 61 7
59 61 2
61 61 1
44 49 35
65 27 1
33 61 51
69 1 0
31 61 52
38 61 46
29 61 53
34 61 50
43 61 40
40 61 41
62 37 30
27 63 51
