63 334 781
65 233 785
105 215 775
65 332 781
147 3 739
81 229 783
152 0 734
92 237 776
152 2 725
150 7 724
136 2 752
148 8 724
66 339 778
118 70 724
89 213 787
87 214 787
81 230 782
89 230 779
91 228 779
97 234 776
99 228 777
100 218 777
102 216 777
104 213 778
105 214 777
107 213 777
84 225 782
85 224 782
89 218 782
91 217 782
93 216 781
95 215 781
96 214 780
98 213 780
100 212 780
104 209 779
105 208 779
106 205 779
85 217 785
87 216 785
88 215 785
90 214 783
92 209 783
94 208 782
96 205 782
98 203 782
99 202 782
100 202 781
101 201 781
103 199 781
71 356 776
115 77 724
137 5 751
137 37 724
138 3 751
117 71 724
143 27 724
139 36 724
84 216 787
149 2 735
65 333 780
122 62 724
126 57 725
124 59 724
126 58 724
128 56 725
116 73 724
135 38 724
69 230 786
138 7 750
151 3 734
141 33 724
74 224 786
78 222 787
79 221 787
81 220 787
82 219 787
89 214 786
91 212 786
104 198 783
106 196 783
77 232 782
79 231 781
81 245 780
83 245 779
85 241 779
86 240 779
88 239 779
78 228 785
80 221 784
82 222 783
84 221 783
86 220 781
112 88 724
133 39 724
76 223 787
107 214 774
139 2 750
113 85 724
120 69 724
111 89 724
108 100 724
110 91 724
109 96 724
70 229 788
114 81 724
86 215 787
101 211 779
102 210 779
74 351 776
129 53 724
131 45 724
130 47 724
132 42 724
143 0 747
69 344 777
76 348 776
73 306 781
150 0 735
72 353 776
78 351 774
69 311 779
150 0 735
141 0 748
74 304 779
68 321 781
80 349 774
140 0 750
69 308 780
71 307 780
72 305 782
76 302 778
149 0 737
67 338 778
83 217 787
78 300 777
148 0 739
84 347 775
79 299 777
83 297 777
86 272 777
88 271 777
89 264 777
91 263 777
96 261 775
98 260 775
100 259 775
103 257 775
102 258 775
67 231 785
66 324 780
87 342 775
89 312 775
91 297 775
92 289 775
100 267 773
102 265 774
103 264 774
105 263 774
94 235 776
96 234 777
98 233 777
90 210 788
147 0 741
86 346 775
146 0 743
81 298 777
145 0 744
85 295 778
144 0 746
82 348 774
139 0 752
154 0 724
72 225 786
153 1 724
152 4 724
151 6 724
147 13 724
146 15 724
144 23 724
145 18 724
135 0 753
63 238 785
75 229 785
79 227 785
102 215 778
