31 395 62
90 0 1
79 1 11
84 0 6
29 201 76
57 108 60
55 109 63
78 5 25
36 324 58
80 1 0
38 322 58
40 322 57
41 344 50
43 321 50
42 316 51
43 310 52
76 174 23
78 173 23
33 170 72
31 172 76
35 152 72
36 135 83
36 134 84
35 136 83
38 128 84
38 127 85
41 123 80
42 122 80
43 122 75
45 122 74
47 122 70
50 118 71
40 123 84
52 119 69
52 120 60
56 118 56
57 122 48
59 103 40
60 93 47
60 101 40
61 100 39
61 102 35
63 104 34
69 83 26
71 84 24
75 79 27
77 80 26
51 100 71
32 234 68
33 234 64
35 233 64
35 235 61
37 197 60
38 184 66
40 183 58
42 164 56
44 162 56
45 134 55
47 133 55
49 133 54
49 134 47
49 135 46
51 145 42
53 147 40
53 144 41
65 92 35
31 160 87
32 160 81
34 159 78
50 100 74
59 70 61
59 63 64
60 62 53
68 55 46
68 52 52
66 54 48
68 54 47
50 68 85
54 67 82
55 62 82
57 69 69
57 59 82
57 60 81
57 67 70
56 65 71
52 67 85
29 240 70
77 77 27
74 78 28
76 76 28
72 76 41
74 76 40
72 74 42
74 71 45
32 394 60
60 114 37
72 40 77
73 40 61
62 114 33
77 39 41
77 41 40
63 112 32
65 94 34
68 83 32
67 83 34
75 40 53
70 77 31
70 42 55
75 47 46
76 34 55
75 36 55
76 38 50
76 44 41
72 47 52
73 46 52
74 45 53
70 50 49
70 48 50
82 0 13
80 0 25
32 393 67
35 325 57
33 326 56
31 239 68
31 201 69
31 199 70
27 239 77
35 326 54
27 396 62
