27 215 43
28 192 43
30 180 43
32 179 39
33 178 39
32 185 30
35 42 41
35 203 26
38 39 37
35 215 20
40 37 38
41 39 32
33 44 43
34 183 31
34 185 29
36 163 29
37 215 13
36 201 19
38 41 25
39 41 22
41 41 20
34 214 21
33 177 41
36 156 31
41 47 13
41 46 14
34 44 38
40 41 21
31 183 39
32 183 35
37 183 25
28 215 36
30 214 36
33 183 32
35 180 36
35 181 35
30 215 33
30 216 32
35 182 31
36 200 20
37 200 19
32 216 28
37 198 20
35 184 29
42 24 9
39 42 18
37 42 37
36 44 36
35 39 42
37 44 33
37 39 41
36 37 43
36 40 39
38 40 35
33 40 44
39 39 33
39 37 39
38 37 40
41 37 36
40 127 0
43 21 0
44 6 4
42 77 0
45 0 2
44 12 0
45 5 1
30 173 44
32 173 43
38 158 0
34 37 44
42 23 10
44 0 15
42 0 17
46 0 0
46 0 0
46 0 0
46 0 0
46 0 0
46 0 0
46 0 0
46 0 0
46 0 0
46 0 0
27 215 43
27 42 49
31 42 44
29 42 45
