63 374 781
136 0 750
65 249 784
140 0 744
152 0 724
146 27 724
72 330 779
77 308 778
133 34 725
71 339 777
73 337 777
76 331 776
137 0 749
78 329 775
78 286 778
79 279 778
90 282 775
81 265 778
64 351 779
80 310 774
83 295 773
82 296 773
64 236 785
108 85 724
101 249 772
69 347 778
109 79 724
75 309 779
130 45 724
67 351 778
127 50 724
73 311 779
121 55 724
120 57 724
110 73 724
114 66 724
112 67 724
122 52 724
111 71 724
66 350 779
133 35 724
132 36 724
147 24 724
70 333 780
148 23 724
139 5 744
68 220 784
141 5 743
69 224 783
66 222 784
70 220 783
71 220 782
72 220 780
74 218 780
76 217 780
78 216 780
80 210 780
82 211 779
84 207 778
86 205 778
87 204 779
94 199 776
96 198 776
98 197 776
99 197 775
98 201 775
101 201 773
103 202 772
105 201 772
107 198 772
95 197 781
97 197 780
99 196 779
101 195 779
103 194 780
81 216 779
83 214 778
89 208 776
90 205 776
91 202 776
93 201 776
101 196 774
103 196 773
105 193 773
107 191 773
79 226 779
88 216 777
78 232 779
76 233 779
146 0 737
67 237 783
88 202 784
143 2 739
99 324 771
104 191 782
90 201 782
92 196 782
94 195 782
102 194 783
75 336 776
103 304 770
105 303 770
106 292 770
82 329 772
86 329 771
88 328 771
92 328 770
95 325 770
99 327 769
101 324 767
105 319 765
78 287 777
80 286 777
83 262 776
87 260 776
91 254 773
135 31 727
148 4 734
105 188 782
137 30 727
103 300 771
107 186 782
139 29 727
86 203 784
134 33 726
102 301 771
126 50 725
144 27 725
138 31 724
140 30 724
141 29 724
142 28 725
118 61 724
135 34 724
124 51 724
128 49 725
116 64 724
117 62 724
129 46 726
135 2 751
151 2 724
147 5 726
146 6 728
108 80 726
149 4 724
138 0 748
76 215 781
77 214 781
79 213 781
81 209 781
83 208 781
151 0 730
70 230 781
150 0 732
133 0 752
149 0 734
148 0 736
144 0 738
132 0 753
143 0 740
142 0 742
139 0 746
131 0 755
63 374 781
63 237 786
63 238 785
69 232 782
