63 376 781
65 373 781
76 370 776
84 350 774
73 229 784
108 309 768
112 310 766
115 305 766
68 357 781
69 231 786
87 216 779
65 376 780
84 220 780
102 207 776
104 207 774
77 227 783
67 374 780
167 0 748
69 353 779
80 230 780
163 0 750
158 0 752
73 230 783
114 310 765
116 310 764
120 306 762
124 325 761
126 324 761
128 323 761
122 326 761
132 320 760
171 0 746
130 321 759
71 227 786
82 234 779
85 234 778
88 234 777
90 233 777
94 228 777
73 332 778
71 351 778
179 0 724
75 353 777
97 227 774
101 225 774
109 217 773
103 198 777
123 188 771
125 187 771
116 203 770
116 304 765
111 199 774
115 203 771
119 206 769
125 199 767
118 200 770
120 196 768
122 195 768
124 194 768
126 180 769
126 181 766
128 182 765
130 190 764
130 177 765
132 176 765
133 168 765
133 167 766
135 164 766
108 223 773
96 335 771
98 336 770
100 336 768
75 331 778
77 330 778
78 329 778
80 329 777
82 321 777
83 319 778
84 317 777
86 316 776
88 315 774
90 292 774
92 281 774
93 278 774
95 282 773
97 283 772
99 280 772
99 279 773
103 258 773
105 257 773
109 254 772
77 350 777
79 349 777
85 320 775
86 314 777
87 312 777
89 296 776
73 224 786
74 223 786
75 220 784
76 219 784
78 219 783
80 218 781
82 216 781
84 215 781
86 211 781
88 212 780
89 210 780
91 209 780
93 205 781
95 204 781
107 195 776
108 181 776
109 178 776
111 176 775
113 175 774
115 173 774
117 172 774
118 169 774
120 171 773
122 170 772
123 169 772
124 168 772
122 169 773
123 165 773
125 163 777
124 164 777
128 162 777
134 157 775
135 152 775
84 212 784
86 209 782
88 208 782
83 213 785
85 211 784
87 207 783
89 204 782
96 203 781
98 199 779
100 198 780
102 193 780
103 191 780
105 190 780
106 187 780
107 186 780
111 174 777
109 176 777
117 170 778
127 164 776
129 159 776
131 158 779
94 203 784
96 202 786
149 20 724
152 19 724
169 0 747
174 0 745
176 0 743
166 0 749
90 341 773
173 1 745
172 2 745
80 343 775
162 2 750
82 338 775
165 2 749
84 335 775
109 258 771
111 256 770
114 247 770
86 335 774
127 267 763
125 268 763
131 249 761
133 247 761
135 246 761
107 258 772
109 259 770
112 255 770
132 234 763
133 236 762
134 234 762
124 261 764
126 260 764
128 258 764
129 246 763
131 246 762
178 0 742
129 266 761
178 4 724
169 6 725
175 3 744
162 9 725
165 8 725
92 314 773
94 313 773
93 317 772
95 316 772
96 309 772
104 268 772
106 268 771
107 267 769
108 264 770
110 263 769
113 262 768
114 251 769
117 249 768
167 7 725
178 2 727
101 293 771
102 291 771
104 288 771
105 278 770
116 239 769
118 238 769
119 239 768
104 315 770
109 300 768
111 298 768
112 295 768
116 291 767
81 216 784
166 8 724
174 4 726
172 5 726
176 3 726
159 10 724
163 9 724
83 214 783
175 6 724
87 334 774
110 326 766
108 333 766
118 288 764
119 273 764
120 272 765
121 271 766
123 268 766
85 213 783
171 7 724
160 0 751
86 217 780
91 212 778
93 206 778
95 205 779
97 203 779
100 203 778
105 204 776
110 200 775
114 200 773
116 199 773
101 204 777
145 22 724
138 28 725
97 205 777
95 209 777
100 208 776
99 211 776
103 209 775
89 214 779
102 201 778
105 197 779
104 206 776
102 211 775
108 201 774
106 205 774
110 201 772
157 11 724
155 12 724
153 15 724
141 25 724
137 35 724
138 31 724
136 39 724
140 27 724
139 28 724
63 237 786
67 232 786
71 232 783
78 230 781
