63 387 781
66 367 782
70 346 780
65 372 781
73 321 777
75 322 775
81 320 774
83 318 774
85 317 774
79 321 774
89 312 772
87 313 772
92 306 771
94 299 771
96 294 771
97 293 771
99 291 771
101 289 771
103 290 770
105 289 770
107 288 770
109 291 769
111 290 769
113 268 769
113 273 768
115 272 768
75 311 777
77 310 775
78 304 776
78 306 775
80 304 775
81 303 779
83 296 778
84 295 778
86 297 777
88 293 776
88 291 778
92 291 777
99 270 775
101 269 776
102 267 776
103 270 772
104 283 771
106 262 771
108 260 771
109 259 773
113 256 773
134 236 765
93 290 774
95 289 774
96 288 774
98 287 774
102 285 773
113 263 770
114 263 769
116 262 769
118 261 769
86 288 779
88 285 779
90 284 779
110 255 774
110 258 773
112 257 773
113 257 772
114 253 772
118 248 770
117 257 771
125 251 767
126 247 767
130 246 766
131 244 766
132 227 766
132 250 765
133 253 764
123 289 766
125 288 766
127 278 765
128 276 765
130 275 765
131 274 765
132 267 763
101 323 770
111 302 768
122 282 767
124 281 767
126 278 766
112 288 769
116 269 768
117 268 768
99 283 774
101 276 774
105 267 775
167 0 740
90 307 771
166 1 740
69 355 781
67 358 781
168 1 739
70 342 781
71 322 779
73 319 779
134 250 763
65 383 780
170 1 738
159 12 744
172 2 737
161 12 743
173 2 736
161 0 744
175 2 735
163 9 742
174 3 735
173 4 735
171 0 738
167 2 739
168 3 738
160 6 744
162 7 743
164 7 742
185 0 724
169 9 737
156 33 724
171 13 724
180 6 724
161 20 724
169 0 739
151 37 724
184 2 725
148 39 724
135 49 724
67 238 783
111 182 786
113 181 785
114 180 785
114 183 782
116 182 782
117 181 782
115 185 781
117 184 781
121 182 778
102 196 783
104 195 784
105 194 784
71 226 788
73 224 788
74 223 788
79 218 786
81 211 786
83 210 787
85 208 787
87 208 786
88 207 786
90 206 784
91 209 783
92 208 783
94 207 783
75 223 785
65 236 786
71 229 785
73 228 785
82 225 783
84 223 783
86 220 783
88 218 783
75 222 787
77 216 787
79 219 785
81 216 784
83 214 784
85 213 784
89 217 783
184 3 724
69 230 785
119 178 785
121 177 785
109 190 784
109 193 782
111 192 780
115 186 776
113 187 776
117 185 775
118 183 775
120 183 774
122 178 775
124 177 775
126 176 775
128 173 775
128 174 774
130 171 774
132 169 774
133 166 774
133 171 773
93 216 781
95 203 781
97 202 781
99 200 779
101 198 779
103 199 778
105 198 777
119 184 774
108 198 775
110 197 775
112 196 775
114 192 775
115 191 775
121 189 773
122 193 772
123 190 772
87 212 784
96 202 785
98 201 785
100 198 785
92 205 792
154 35 724
106 199 775
152 36 724
127 179 774
129 178 773
131 175 771
131 179 769
134 173 769
107 191 784
149 38 724
132 175 769
140 46 724
143 44 726
141 45 726
145 43 726
147 42 727
137 48 724
139 47 724
166 12 729
67 231 785
110 189 784
112 190 782
94 205 787
100 199 784
101 197 788
110 190 783
113 178 786
115 177 786
123 166 782
125 161 781
127 160 781
129 160 780
129 159 782
129 162 779
131 161 779
132 160 779
134 158 779
164 15 724
183 3 729
110 196 781
105 192 786
107 189 785
109 185 785
162 19 724
86 211 785
155 34 724
78 237 783
80 237 782
82 236 782
84 235 782
86 234 780
88 232 780
90 231 780
91 232 778
93 230 779
95 229 779
97 228 779
99 231 778
100 217 778
102 218 777
104 222 776
111 210 774
113 209 774
115 205 772
117 204 772
119 202 771
119 212 770
68 244 782
121 214 769
125 212 768
123 214 768
131 205 768
132 198 768
133 197 768
72 223 790
176 7 724
127 207 767
175 9 724
173 0 737
182 5 724
175 8 725
168 13 726
167 13 728
165 14 728
166 14 726
167 14 724
160 21 724
164 1 743
158 22 724
165 4 740
71 225 790
111 188 784
108 194 782
167 0 740
69 361 780
167 0 740
167 0 740
167 0 740
167 0 740
166 0 741
160 0 745
160 0 745
160 0 745
63 387 781
63 387 781
65 231 789
69 226 789
63 237 786
73 221 789
75 220 789
99 198 786
