===================================================
Etude de l'instance : A
Reference du dossier : 022_3_4_EP_RAF_ENP
A la date du : 2019-11-21T12:37:33.189
===================================================


1) Information sur l'instance :
   ----------------------------
Nombre d'options prioritaires : 3
PAINT_BATCH_LIMIT : 450
Nombre de vehicules : 499



2) Information sur la sequence initiale :
   ------------------------------------Valeur sur l'objectif 1 : 34
Valeur sur l'objectif 2 : 447
Valeur sur l'objectif 3 : 194



3) Période des phases :
   ------------------

Phase 1 :
Nombre de swap : 325587
Nombre d'insertion : 73790
Nombre de reflection : 50290
Nombre de shuffle : 9087


Phase 2 :
Nombre de swap : 142323
Nombre d'insertion : 32421
Nombre de reflection : 22189
Nombre de shuffle : 3950


Phase 3 :
Nombre de swap : 48361
Nombre d'insertion : 43825
Nombre de reflection : 20940
Nombre de shuffle : 2362
===================================================
Valeur sur l'objectif 1 : 245.0
Valeur sur l'objectif 2 : 6.0
Valeur sur l'objectif 3 : 18.0
===================================================

70;434;445;201;200;223;47;249;404;81;430;96;50;198;48;267;342;60;17;339;399;220;185;214;476;206;372;305;397;26;298;270;391;385;377;273;341;80;346;251;344;41;132;448;452;322;37;405;246;138;62;63;264;414;456;449;49;16;422;435;436;357;302;313;285;259;392;238;394;227;373;380;93;440;471;212;231;376;254;140;92;73;439;172;260;79;65;383;354;184;85;95;219;189;317;455;495;131;193;23;386;7;265;78;57;237;224;497;54;208;367;211;269;94;51;44;458;480;10;9;46;450;52;303;429;398;359;427;389;135;139;141;236;56;134;350;53;1;280;406;101;345;232;340;252;413;473;126;5;286;33;204;277;402;275;3;239;125;337;191;142;8;499;498;261;428;469;216;409;384;217;59;370;279;375;43;266;309;396;453;258;262;308;421;299;209;127;197;192;423;163;410;415;242;253;348;98;268;454;45;451;137;55;297;145;464;31;151;210;241;161;263;447;327;203;205;301;245;100;102;335;401;250;343;403;19;121;114;15;136;58;400;39;271;243;387;248;128;66;169;104;195;276;61;316;84;356;314;312;29;274;256;407;247;347;336;14;13;419;133;283;174;42;20;240;225;226;99;75;433;382;331;149;482;167;168;187;130;181;295;230;304;278;40;38;221;97;374;255;244;36;68;83;325;492;170;483;199;118;338;4;418;77;420;2;300;27;358;213;426;207;22;257;349;416;417;28;310;196;152;478;32;379;272;116;202;6;11;153;362;154;158;412;293;378;228;162;333;424;21;431;190;129;117;493;485;176;284;89;484;488;318;86;177;442;437;88;459;457;494;381;490;481;311;444;468;460;408;235;124;106;30;105;159;111;365;477;474;113;467;292;110;156;35;229;194;215;393;234;306;24;432;395;425;218;321;173;179;319;491;353;438;323;326;91;175;355;87;334;155;182;74;443;166;90;441;486;233;294;71;315;183;446;487;171;18;222;188;178;496;69;67;180;76;351;186;324;489;320;115;390;307;388;122;25;352;82;12;112;368;107;328;120;364;108;123;103;369;287;147;109;164;461;165;64;465;462;143;361;290;360;330;371;470;160;291;150;363;411;289;466;366;288;144;146;332;475;281;296;282;463;148;157;119;479;34;472;329;72;