63 355 781
73 345 776
79 342 774
81 341 774
75 345 774
74 230 782
69 265 780
75 261 777
100 263 771
109 253 767
160 0 739
67 351 780
149 0 744
75 344 776
71 222 783
77 343 776
151 2 742
83 217 783
153 2 741
81 325 775
155 2 740
90 352 771
91 207 784
157 2 739
81 343 773
94 203 782
160 4 738
65 354 781
102 194 785
145 1 746
88 315 773
103 296 770
96 295 771
98 293 771
77 344 774
91 326 771
65 238 782
71 234 780
75 228 780
77 225 780
80 224 777
70 230 783
103 213 773
105 213 772
109 212 772
84 222 780
109 206 773
111 205 773
92 205 781
96 201 781
87 316 773
92 314 771
94 314 769
92 316 770
94 313 770
95 311 770
97 310 770
98 309 770
99 307 770
101 306 770
104 285 770
83 342 773
85 340 773
83 340 774
85 342 772
87 360 771
89 303 772
91 302 772
96 313 769
98 317 768
99 314 768
101 313 768
103 311 768
105 310 768
107 298 767
157 1 740
156 4 739
147 2 745
148 17 744
148 19 743
119 63 724
154 20 724
98 205 776
101 202 775
104 201 775
107 190 774
109 189 774
113 188 774
115 187 774
106 211 773
140 29 724
67 355 778
127 49 726
130 44 724
125 50 724
143 24 727
153 0 742
151 0 743
121 62 724
137 30 724
110 208 770
112 207 770
114 201 770
67 234 782
102 230 772
77 243 777
82 255 775
84 252 774
86 250 774
92 255 773
99 228 773
98 250 773
102 260 771
115 212 768
108 253 768
110 251 768
112 249 768
106 255 768
113 241 766
115 240 766
77 217 785
79 215 785
81 215 784
83 214 785
84 213 788
98 197 784
99 198 783
103 192 784
96 204 780
97 201 780
98 200 780
100 197 781
103 195 782
68 239 781
70 235 781
72 233 781
74 231 781
78 227 779
89 220 777
96 208 776
100 203 776
105 209 774
73 232 780
102 196 780
104 195 781
105 188 780
107 176 780
109 164 779
110 163 778
111 162 778
113 161 779
114 160 779
114 159 782
79 224 780
81 223 780
85 219 779
87 217 779
89 217 778
82 223 777
84 223 776
86 221 775
88 223 774
90 214 774
92 213 774
92 212 775
94 210 775
94 209 776
97 206 777
103 219 772
109 216 770
108 219 770
109 221 769
111 217 769
113 216 769
85 220 778
87 219 778
89 216 779
106 200 777
151 21 724
111 251 766
101 227 773
116 68 724
79 324 776
162 0 735
89 358 771
71 336 778
72 329 779
73 220 783
75 219 781
85 211 785
86 213 782
88 209 782
89 204 785
91 203 785
93 202 784
94 201 784
96 200 784
97 199 790
164 0 724
148 0 745
163 1 724
85 212 783
161 3 724
66 348 781
159 12 724
158 15 724
156 18 724
144 23 724
147 22 724
145 0 747
134 36 724
135 31 724
129 48 724
131 42 724
160 5 724
124 51 724
123 55 724
142 0 748
68 326 780
67 224 785
161 0 737
156 0 741
146 0 746
65 356 779
63 237 786
63 240 784
66 235 785
89 213 781
