36 144 0
41 121 -4
39 135 0
39 144 -1
40 121 0
38 142 0
42 119 -3
43 119 -4
41 8 0
39 0 78
37 4 79
38 4 75
38 0 80
42 6 0
37 10 70
35 21 44
35 37 32
36 46 24
33 32 36
37 33 28
34 30 35
29 28 70
30 28 57
28 29 62
33 21 49
30 29 55
35 46 25
30 18 69
37 46 22
29 29 60
31 16 70
38 48 21
37 12 63
36 18 46
34 141 11
31 36 44
38 10 69
37 11 67
38 11 63
32 45 32
36 12 69
36 102 14
37 97 14
33 119 14
37 99 13
35 119 10
38 108 12
31 41 42
38 97 13
31 142 14
32 41 33
30 43 42
33 43 32
31 43 37
34 43 28
33 45 28
36 58 18
29 30 54
31 27 55
37 15 44
36 57 20
30 32 48
30 27 59
38 12 40
35 57 21
33 27 47
35 27 43
34 27 44
36 17 47
33 28 41
36 24 43
36 28 33
37 20 43
33 15 50
38 39 24
31 28 46
34 28 38
32 27 50
32 28 44
35 28 34
30 30 50
29 34 52
32 21 52
34 32 34
38 32 27
37 22 34
38 19 34
36 30 29
39 13 21
36 56 21
38 56 19
34 58 22
29 31 53
29 40 47
28 35 54
27 41 48
30 41 43
28 43 44
32 30 43
32 35 40
31 42 40
39 5 49
32 17 59
30 68 37
40 1 26
32 140 23
30 138 30
30 139 26
31 139 24
31 116 28
29 139 28
32 68 30
34 69 20
33 71 20
33 68 23
31 69 32
41 2 11
32 69 24
39 2 52
41 0 20
40 0 33
39 99 7
39 67 9
39 65 12
39 44 16
39 42 17
40 6 15
40 9 12
39 101 6
40 3 22
36 4 83
35 392 2
41 6 3
34 42 31
27 40 57
30 46 41
29 48 42
28 40 48
37 44 26
31 46 33
42 0 4
40 144 -4
40 47 3
36 142 1
35 141 8
37 120 4
36 119 5
35 142 4
37 126 1
41 1 13
33 142 8
40 51 1
38 119 4
39 119 3
37 58 15
36 80 17
37 57 17
38 57 14
40 12 6
40 13 4
37 0 84
43 0 0
36 0 88
