166 415 250
169 628 112
498 48 74
498 46 75
162 433 249
262 212 9
266 206 4
268 198 7
273 204 2
171 409 245
171 404 262
273 197 4
272 207 2
169 411 245
270 200 4
272 213 1
271 214 1
174 403 256
270 202 3
170 410 245
272 197 5
170 411 243
263 208 11
265 202 7
263 207 15
264 205 10
268 197 8
265 201 10
266 202 5
266 201 7
269 202 4
262 207 21
264 204 13
263 206 16
263 213 6
267 199 10
263 204 17
262 208 17
270 195 10
266 200 8
169 407 253
262 210 14
267 205 3
268 204 4
264 210 5
264 202 17
263 203 20
171 406 247
169 409 247
264 201 29
264 212 3
263 209 8
169 408 248
168 410 250
173 408 246
174 418 238
273 194 6
172 409 244
171 410 242
273 192 15
272 193 14
273 201 3
174 404 254
168 411 246
271 195 7
170 408 247
271 208 2
172 404 255
264 206 6
173 441 231
174 406 244
267 200 6
264 203 16
268 222 2
265 209 3
265 205 5
269 203 3
266 208 3
269 209 2
270 198 6
269 221 1
268 199 5
168 412 239
168 434 233
166 424 239
166 436 235
162 437 248
170 420 232
164 432 243
163 434 244
163 431 245
169 432 234
168 430 235
169 446 231
173 444 229
169 443 232
171 445 229
171 443 230
162 448 244
161 435 249
498 36 90
497 42 89
167 438 234
164 429 247
165 420 248
165 425 242
168 424 237
167 417 240
167 419 239
166 422 243
167 412 248
166 426 236
165 426 241
168 422 238
162 440 246
162 446 245
160 445 248
161 450 239
161 448 247
163 446 235
163 444 239
163 445 236
163 448 234
164 439 236
164 433 237
497 38 90
159 450 246
263 225 5
162 439 247
261 215 12
497 58 57
497 57 59
494 55 60
492 54 63
493 49 71
492 51 66
490 48 79
491 68 55
489 67 59
489 58 64
487 59 74
490 51 73
490 55 63
490 55 63
490 55 63
484 70 77
488 57 67
488 57 67
488 61 64
486 60 80
486 59 81
485 65 77
487 64 64
485 68 76
488 67 63
483 68 91
484 67 83
486 63 69
484 69 81
484 68 82
484 66 84
491 51 70
490 52 69
489 54 69
485 63 79
486 62 76
487 61 69
485 64 78
487 57 77
486 61 77
487 58 76
487 55 80
497 50 62
492 47 76
496 48 75
494 50 65
495 67 56
492 58 62
494 52 62
493 53 62
493 52 63
492 67 57
493 54 61
494 53 61
490 59 58
490 49 76
494 44 76
152 614 121
162 587 115
162 574 132
344 42 174
340 43 178
338 43 192
341 41 178
339 45 180
342 43 176
263 232 4
340 39 186
477 98 7
478 80 12
478 83 6
479 77 7
481 81 4
479 78 6
479 76 9
480 75 5
480 75 6
481 74 5
478 75 24
477 76 25
477 75 26
479 72 25
478 74 27
476 85 34
477 79 18
477 77 19
478 76 18
479 73 17
473 124 33
475 117 29
474 111 32
473 128 32
475 101 32
475 99 32
475 98 43
476 99 31
476 101 29
474 100 39
474 103 33
473 105 34
476 97 32
476 107 28
473 103 54
476 96 33
475 105 30
472 112 45
474 124 30
472 114 39
165 424 244
482 74 4
498 42 77
152 613 133
164 424 252
262 226 8
166 421 245
164 426 250
262 235 6
262 229 7
261 228 8
260 230 11
163 429 250
163 430 249
156 593 133
342 57 168
339 58 170
339 55 172
337 62 176
344 59 167
340 73 169
342 62 166
341 67 167
341 79 166
343 64 163
343 60 165
340 57 170
336 72 181
336 55 190
335 63 184
337 54 183
336 59 182
335 76 183
334 72 192
338 52 177
343 45 173
340 45 175
338 57 173
341 49 169
340 49 173
341 47 172
343 52 168
337 58 177
339 50 175
338 54 176
339 49 178
339 56 171
338 55 175
338 48 183
337 50 184
336 57 188
338 50 179
339 47 179
342 46 173
341 45 174
341 48 171
341 48 171
341 48 170
345 48 169
345 47 171
154 615 118
342 44 175
499 34 85
261 212 34
497 43 86
261 208 60
161 580 125
164 569 133
154 609 125
156 600 119
155 595 144
155 597 132
260 223 44
158 583 118
161 576 132
164 572 132
161 571 133
164 567 140
156 604 117
154 610 119
156 595 125
157 599 119
156 597 120
155 601 120
157 600 118
157 589 135
154 603 134
154 602 136
155 599 123
157 588 136
159 577 135
153 612 124
261 213 32
261 211 36
164 600 114
261 210 39
260 212 51
157 591 131
163 577 129
164 573 129
163 575 130
162 581 117
160 588 115
166 583 116
166 576 126
166 569 128
168 568 129
165 573 127
163 584 116
167 563 130
164 578 126
164 574 128
167 579 125
165 571 129
160 607 114
160 576 143
153 605 132
154 604 130
156 610 115
156 592 140
156 591 142
162 569 142
157 586 140
262 204 56
499 40 73
160 581 132
160 580 133
157 594 121
156 594 132
159 581 133
172 627 113
488 50 74
498 40 78
498 37 79
483 72 7
482 73 6
482 72 8
260 227 22
484 72 5
