29 131 19
37 10 19
38 1 19
36 14 14
35 45 1
33 22 20
30 131 15
28 40 32
36 45 0
30 51 18
35 32 5
36 20 11
42 1 5
39 10 10
42 3 2
29 32 33
30 28 33
32 51 10
33 51 6
37 14 10
30 27 34
35 26 10
34 22 16
29 40 27
37 20 7
34 32 9
36 32 1
29 51 24
44 1 3
41 14 1
39 9 14
38 10 14
40 9 10
31 51 14
32 15 41
37 12 18
34 52 2
38 13 12
36 15 13
32 14 42
37 13 15
39 13 9
32 41 15
37 7 42
34 31 13
32 40 16
41 17 0
36 9 36
31 40 19
31 22 36
32 22 25
35 13 24
35 14 18
36 29 5
35 12 27
39 28 0
37 26 2
37 27 1
38 20 2
39 22 1
34 12 37
38 29 0
35 10 33
40 22 0
39 14 4
34 13 31
37 24 5
33 27 19
41 10 3
37 22 6
34 26 14
34 11 38
40 14 2
35 11 31
34 10 44
39 15 3
37 17 9
37 8 38
37 6 45
38 14 6
37 9 24
36 22 8
33 21 22
40 10 6
31 21 39
31 23 32
36 8 43
41 9 6
32 21 28
36 10 25
36 11 23
40 15 1
33 14 28
34 51 3
31 19 43
32 19 35
35 43 2
30 40 23
33 32 13
29 52 23
37 32 0
35 31 9
34 14 22
36 26 6
35 22 12
34 20 19
28 131 23
31 27 29
31 31 27
34 43 6
35 20 15
36 13 21
31 28 28
43 3 0
33 43 10
31 43 18
34 45 5
32 45 13
42 0 7
46 0 0
28 109 27
41 1 7
32 27 24
33 20 27
32 28 23
31 32 22
32 32 18
27 132 27
30 32 26
32 43 14
33 45 9
27 131 28
44 0 6
45 0 5
39 0 15
38 0 21
40 0 11
27 45 48
