43 14 0
42 22 1
38 19 9
41 2 6
40 14 5
40 8 7
39 15 8
37 13 13
39 7 9
43 8 2
41 7 5
39 5 10
43 7 3
43 3 4
39 19 7
38 9 10
38 6 12
36 4 22
37 3 18
42 11 4
38 4 13
37 4 17
36 6 18
39 3 11
37 6 15
38 3 14
37 0 32
44 0 1
39 1 13
42 1 5
38 0 18
43 0 5
43 0 5
43 0 5
40 0 11
39 0 14
41 1 8
40 1 9
42 0 6
27 124 27
45 0 0
27 124 27
31 103 23
31 103 23
31 103 23
31 103 23
30 103 24
30 103 24
28 104 28
33 44 33
34 103 7
36 50 16
35 104 6
31 122 15
32 103 15
33 103 11
36 103 6
37 55 12
39 35 6
32 83 21
32 46 30
33 46 28
34 45 25
31 45 32
41 31 0
35 30 36
32 45 31
36 84 10
37 84 7
33 67 25
34 66 19
34 67 17
34 65 20
37 75 10
36 75 12
35 67 14
33 45 30
34 45 28
35 85 10
38 62 7
35 84 11
39 85 0
34 84 14
34 85 11
37 89 6
36 85 7
33 84 15
32 88 19
37 74 11
38 84 6
39 47 5
35 36 22
35 42 19
35 89 7
30 45 37
28 47 47
29 123 27
31 39 40
29 39 44
40 36 0
27 45 48
