30 140 19
30 117 23
31 42 20
37 19 12
32 41 17
36 20 12
39 14 10
35 26 14
32 32 18
42 6 8
31 41 21
33 32 14
34 30 14
27 138 32
28 138 28
29 140 23
31 138 16
31 140 15
43 9 0
41 15 0
42 10 0
40 18 0
44 6 0
37 46 0
39 22 0
46 0 0
45 3 0
32 140 11
29 138 24
33 45 13
32 47 15
34 45 9
34 45 9
33 46 10
32 42 16
36 25 9
34 32 10
35 32 7
35 30 10
35 28 12
38 19 9
37 20 8
40 10 8
42 7 7
38 20 7
43 0 6
32 138 12
31 117 19
30 138 20
35 86 2
36 81 1
35 79 3
35 78 4
34 80 8
35 76 5
36 62 2
36 43 3
35 43 6
34 139 7
36 32 6
43 7 2
43 6 3
42 8 4
41 10 2
39 21 1
38 23 1
38 22 2
38 21 4
39 18 3
44 0 4
37 25 2
45 0 2
45 2 1
33 30 18
32 31 21
34 23 17
34 21 18
35 20 15
36 18 15
35 18 16
30 42 24
28 140 27
41 8 10
38 14 14
37 14 17
37 15 14
38 15 12
39 11 12
36 15 17
28 117 31
40 0 18
42 0 10
28 115 32
27 140 31
39 0 22
38 0 30
37 2 39
37 1 44
36 1 54
27 140 31
41 0 14
29 21 48
28 26 57
32 12 54
35 13 28
33 14 29
36 11 28
32 13 52
32 14 50
29 17 52
38 10 23
37 7 36
37 8 34
32 11 56
37 9 29
34 9 31
35 9 30
35 8 37
36 10 29
33 11 34
29 19 49
30 16 39
31 15 38
30 18 37
30 17 38
37 10 27
33 12 33
35 11 29
34 20 19
31 32 22
27 38 50
28 27 48
28 29 46
27 39 48
29 40 30
29 41 28
31 22 27
38 13 19
30 27 34
29 27 39
28 41 36
28 42 35
32 16 27
29 29 37
30 40 25
32 20 24
39 10 19
33 18 24
31 19 28
32 21 23
33 21 20
35 14 21
36 14 18
30 29 27
38 9 24
33 20 21
30 21 36
33 15 25
32 15 28
31 16 29
34 15 23
29 42 27
37 11 21
28 40 37
28 28 47
28 43 34
34 14 26
39 9 21
36 12 22
27 40 47
28 45 33
