36 19 38
34 20 31
41 44 0
37 21 25
33 21 30
35 21 26
35 20 30
30 83 25
32 83 20
32 30 33
36 55 12
38 55 6
37 45 12
34 44 19
34 33 21
33 33 24
39 47 6
39 47 6
40 46 6
39 46 7
38 45 10
38 45 10
39 45 9
36 45 14
37 51 10
38 51 9
39 69 2
30 31 35
40 47 5
31 83 23
28 74 34
30 44 28
29 39 34
30 41 29
35 46 13
34 45 15
33 45 18
34 45 15
30 39 30
28 45 36
36 42 19
35 44 17
36 43 15
35 43 18
29 52 33
31 43 24
32 43 22
33 41 23
34 41 20
28 52 35
31 39 28
29 74 29
38 71 5
30 74 26
51 15 0
33 20 39
29 83 28
31 31 30
32 31 25
30 69 27
43 19 3
44 1 3
53 14 0
35 18 44
31 30 38
42 6 7
41 6 8
40 9 12
39 37 13
42 7 6
39 9 17
41 39 6
39 7 24
41 35 7
40 7 13
39 8 21
40 24 8
42 9 4
42 8 5
41 3 10
49 1 1
48 2 1
34 19 44
35 19 40
54 9 0
29 84 27
40 54 4
39 73 0
46 35 1
40 55 0
38 32 19
32 20 45
36 31 24
42 38 0
42 36 1
34 32 23
45 35 2
36 32 20
31 27 44
38 33 16
39 33 15
39 35 14
43 36 0
32 27 39
35 32 22
38 19 37
55 0 0
43 1 4
44 0 4
43 0 5
41 0 13
47 0 2
42 0 8
50 0 1
27 124 27
45 0 3
27 124 27
27 124 27
37 139 0
29 124 19
30 124 15
37 113 2
32 124 10
31 124 12
28 103 27
31 104 16
30 104 19
33 104 11
30 103 21
35 102 10
34 100 13
31 103 18
32 103 16
31 107 15
35 94 12
35 101 11
32 104 13
33 107 10
33 93 14
33 87 15
32 84 17
38 86 4
31 84 20
36 84 11
30 84 23
34 87 14
34 103 12
38 87 1
32 106 12
29 103 23
37 87 5
38 113 0
28 124 23
27 45 48
