29 32 48
47 1 4
31 25 44
30 24 59
30 27 57
29 30 50
30 32 35
29 29 57
30 45 30
29 33 43
29 28 59
29 22 67
29 45 33
30 53 28
29 36 41
29 24 63
28 33 48
28 33 48
28 45 35
44 16 17
32 20 44
33 20 43
30 28 48
45 11 17
39 17 37
45 15 15
43 1 34
31 20 46
43 17 17
37 20 30
30 30 46
30 22 63
32 24 40
33 22 37
33 22 37
33 22 37
34 20 37
36 29 29
42 1 40
41 1 47
37 26 28
36 27 30
39 20 22
35 20 31
35 20 31
34 27 31
48 0 0
33 30 34
45 0 23
46 0 18
44 0 24
47 0 15
43 0 37
42 5 37
42 0 47
32 33 29
45 17 14
46 15 13
33 32 25
46 17 11
44 18 16
47 18 1
31 32 31
38 53 4
29 93 27
33 45 18
41 28 0
40 29 18
29 89 28
42 24 5
39 52 0
37 53 10
30 89 27
39 32 14
39 36 5
42 20 13
38 32 15
39 30 20
43 20 0
38 30 22
37 39 17
35 45 12
35 43 18
31 45 24
40 28 19
34 45 14
35 30 29
34 32 20
30 46 29
32 35 28
36 30 27
37 32 18
36 32 19
32 45 20
41 21 18
37 29 25
30 131 15
30 109 19
31 109 18
29 109 23
29 109 23
38 45 10
36 43 16
47 6 2
30 91 25
29 131 19
32 115 16
33 131 12
28 131 23
34 118 11
40 36 0
33 118 15
28 109 27
27 131 27
27 131 27
27 131 27
27 45 48
