28 29 64
28 30 60
28 38 50
40 4 14
41 6 13
41 7 11
40 20 0
31 44 26
29 45 27
32 44 23
29 44 36
30 41 33
30 44 31
35 20 25
32 31 28
35 45 14
40 18 11
40 17 13
40 19 7
38 23 16
38 24 12
33 117 14
31 115 20
32 95 19
30 115 23
39 21 1
41 19 1
38 25 4
38 30 2
39 20 2
39 29 0
35 65 4
34 66 8
33 66 15
36 42 13
34 65 15
36 43 3
33 44 19
32 45 21
30 45 25
31 45 22
33 45 16
34 44 18
32 117 15
44 6 2
28 40 47
35 66 3
29 117 23
33 32 23
29 32 39
34 40 22
28 45 36
38 20 18
37 20 21
42 16 0
41 16 4
36 34 18
37 32 16
37 28 20
37 29 19
36 27 23
35 29 23
36 39 17
41 18 3
37 41 14
34 41 21
35 32 19
45 9 0
41 15 8
34 31 26
31 32 28
32 30 30
44 11 1
32 29 31
46 8 0
32 32 24
30 32 35
30 34 34
42 14 3
35 41 18
38 21 17
28 53 35
28 44 41
42 9 7
43 14 0
43 11 5
46 2 1
47 4 0
30 139 17
29 116 25
30 116 22
28 115 29
30 117 21
28 138 25
29 139 21
33 140 13
32 139 14
32 116 18
31 138 16
31 139 15
36 65 0
37 42 0
39 4 36
39 5 25
40 3 18
41 3 14
27 138 27
30 138 19
28 116 27
31 116 19
39 17 24
28 39 49
28 139 23
32 16 52
34 14 48
32 17 51
29 138 22
33 23 28
31 30 35
34 20 28
38 13 40
30 29 43
31 27 38
32 26 33
34 22 27
33 20 29
29 27 47
30 27 45
27 40 64
35 10 52
32 15 53
31 16 53
37 9 48
38 10 44
35 13 49
36 14 33
36 12 48
33 14 51
32 18 48
34 18 35
33 19 35
33 15 47
35 14 41
33 17 45
30 20 49
35 11 51
35 16 36
35 19 31
36 19 29
37 18 28
35 17 35
36 18 30
37 14 30
35 15 37
38 14 28
36 13 46
34 12 51
36 11 49
34 16 38
34 15 39
37 11 44
31 20 46
33 18 36
35 18 32
35 12 50
31 15 57
30 22 48
32 20 34
37 10 47
36 16 31
30 31 37
42 1 14
28 27 75
42 2 13
44 1 6
38 9 46
43 1 9
44 2 5
42 3 10
46 0 4
47 0 1
45 1 2
43 3 6
39 3 46
43 0 20
41 1 17
45 0 9
44 0 14
48 0 0
40 1 29
27 45 48
