28 132 27
45 1 0
33 45 9
35 3 29
35 10 16
36 6 16
37 6 12
30 28 28
32 29 17
32 17 21
34 10 22
31 16 32
30 17 35
32 11 31
29 28 33
38 16 1
38 27 0
31 29 21
30 18 33
32 15 27
30 16 36
31 18 29
32 10 32
32 28 18
31 15 41
37 27 1
36 15 10
37 26 2
30 29 27
37 15 6
31 28 24
34 15 18
32 16 25
35 15 14
33 41 12
40 6 3
33 15 22
33 16 21
36 10 12
38 10 4
38 6 8
39 10 3
34 41 8
33 12 25
31 17 31
39 16 0
33 17 17
36 16 5
34 11 21
33 28 14
35 28 5
34 16 13
35 16 9
34 28 9
35 8 21
33 29 13
33 10 26
32 12 29
34 6 29
36 45 1
34 8 25
39 6 4
37 10 8
32 41 16
31 20 25
37 45 0
34 45 5
30 32 25
30 109 19
35 2 33
35 6 24
38 0 15
28 45 34
40 0 7
32 132 11
36 0 24
37 0 20
39 0 11
40 14 0
30 45 21
31 109 15
32 45 13
31 45 17
32 131 12
27 132 33
39 14 2
28 46 33
41 8 1
40 9 1
29 109 23
29 45 25
43 7 0
42 8 0
28 131 28
41 0 4
42 0 3
44 5 0
41 9 0
44 0 2
45 0 1
27 131 34
28 111 31
39 0 12
27 133 31
27 133 31
27 45 48
