32 138 12
32 45 13
36 54 0
37 35 2
37 38 1
36 53 1
37 39 0
39 14 4
30 12 84
31 45 17
31 138 16
30 13 79
32 8 95
33 139 7
38 31 0
49 0 0
43 5 0
37 31 5
42 9 0
38 18 4
39 18 1
35 32 7
38 16 5
34 32 9
37 32 3
35 43 6
40 10 0
37 20 6
36 32 5
36 43 4
35 45 2
34 45 5
48 2 0
33 41 13
29 45 25
30 40 26
36 19 14
35 27 12
34 21 14
33 20 18
36 18 15
37 16 11
37 15 13
35 18 17
35 20 13
30 140 19
28 115 33
31 140 15
28 138 28
31 32 23
32 32 19
29 32 34
30 45 21
33 45 9
42 0 6
32 140 11
30 138 20
39 12 8
41 7 2
39 10 9
29 138 24
38 14 10
29 21 47
32 19 27
34 17 22
35 17 19
33 19 23
35 16 20
29 29 42
38 11 12
38 9 13
36 16 17
36 15 18
29 22 46
42 3 4
30 32 27
29 20 48
28 117 31
28 140 27
28 116 32
29 140 23
30 14 78
28 45 36
27 138 33
27 139 32
41 1 7
40 0 11
41 0 9
41 2 6
40 1 10
39 30 0
36 4 44
34 7 39
37 6 27
31 10 71
37 5 36
33 6 52
29 16 53
30 15 48
30 16 44
35 13 26
38 4 21
39 0 15
28 28 61
28 29 52
32 12 51
31 12 58
29 17 50
39 1 14
31 17 32
31 16 36
30 17 43
35 6 35
34 16 25
36 6 31
30 19 42
33 16 28
38 2 22
32 17 30
31 11 63
33 17 26
28 27 62
32 16 32
33 10 37
38 1 23
32 18 29
34 10 33
32 11 53
37 7 21
33 12 33
36 9 25
36 10 22
35 10 28
34 12 27
37 8 18
35 14 22
33 14 30
32 15 35
37 9 17
37 10 16
29 15 55
34 14 26
34 11 32
32 14 48
30 20 34
45 0 1
43 0 2
42 2 5
36 14 21
34 18 21
33 18 25
31 20 26
38 7 14
39 7 10
31 15 42
32 20 22
40 7 6
34 20 17
28 32 47
32 10 54
33 32 14
35 9 33
30 41 25
32 39 18
32 40 17
31 39 21
36 20 9
35 31 11
37 3 41
38 0 30
27 140 31
27 140 31
27 45 48
