355 157 689
354 157 690
356 158 684
356 156 689
359 153 689
356 157 686
361 151 679
360 151 688
361 150 684
362 150 678
361 153 674
359 154 687
362 152 674
363 149 683
360 153 687
355 158 685
110 238 1279
348 180 51
94 240 1354
92 239 1367
347 180 52
93 242 1344
90 241 1364
94 238 1365
93 241 1361
63 219 1432
85 248 1350
68 259 1373
66 267 1379
67 260 1381
75 259 1352
73 259 1357
73 265 1347
74 265 1343
75 260 1344
74 262 1346
77 272 1328
77 275 1326
79 270 1324
78 267 1329
130 240 1229
127 242 1231
129 240 1242
129 243 1229
131 240 1227
128 247 1230
146 234 1228
147 234 1224
131 239 1243
128 241 1243
139 242 1218
141 236 1227
139 239 1227
139 240 1220
141 237 1225
142 237 1215
140 242 1217
140 238 1219
142 236 1216
141 240 1214
142 239 1213
149 242 1205
151 238 1205
150 241 1199
150 239 1201
153 249 1198
154 247 1197
151 257 1196
149 239 1211
150 237 1207
150 231 1220
148 231 1229
147 230 1230
149 232 1219
151 231 1212
148 232 1223
148 234 1216
147 233 1225
149 234 1212
168 236 1149
166 232 1168
164 240 1165
168 237 1145
166 233 1160
166 235 1154
166 238 1149
165 237 1162
168 231 1156
170 236 1142
170 230 1155
169 231 1153
170 234 1145
170 231 1150
169 235 1151
171 238 1141
168 233 1154
175 232 1127
174 233 1128
172 235 1142
173 232 1138
173 234 1135
173 228 1144
173 229 1140
176 230 1123
177 226 1126
175 228 1130
177 223 1136
175 233 1125
176 225 1132
174 224 1153
174 225 1133
176 227 1124
176 226 1131
172 226 1148
175 224 1143
185 235 1121
185 240 1114
184 237 1122
191 225 1121
189 220 1147
187 220 1154
190 221 1129
188 221 1147
187 221 1153
189 231 1119
187 236 1113
189 229 1121
186 233 1116
187 232 1121
189 232 1117
185 229 1122
188 237 1112
190 228 1117
189 233 1111
196 230 1091
196 217 1110
198 223 1090
197 226 1091
195 227 1095
195 221 1113
193 227 1116
194 225 1111
195 226 1104
194 224 1115
195 225 1110
197 219 1094
194 226 1105
197 218 1105
198 227 1089
196 219 1106
199 225 1083
196 221 1093
196 220 1095
203 216 1080
200 219 1089
203 214 1081
201 219 1084
204 216 1063
201 222 1083
203 217 1076
202 218 1064
205 214 1072
200 222 1088
205 219 1048
204 226 1037
204 220 1046
203 223 1048
201 224 1079
203 225 1040
203 219 1049
202 224 1061
204 218 1055
205 222 1044
205 218 1049
84 275 1321
381 135 668
379 137 677
383 135 664
383 134 667
377 142 649
378 139 649
377 141 650
380 139 645
379 142 640
376 142 655
390 134 649
390 137 632
391 131 651
389 136 647
390 133 654
389 135 650
390 135 646
389 134 654
388 135 655
388 134 657
390 136 644
391 136 643
369 147 651
368 149 646
368 147 660
371 144 650
368 148 647
370 146 649
368 150 644
371 145 646
373 145 644
375 145 638
369 149 636
369 148 639
367 149 647
370 147 638
368 155 637
373 150 626
368 152 640
371 146 633
371 148 628
369 150 628
378 142 642
380 136 650
379 141 642
379 145 634
378 138 650
379 140 643
381 143 639
381 141 641
86 269 1294
88 265 1309
90 262 1306
89 268 1289
90 263 1303
88 260 1314
85 276 1314
85 275 1316
89 264 1307
90 267 1300
67 263 1363
64 273 1391
66 266 1384
66 268 1378
65 273 1377
68 268 1345
67 212 1404
69 261 1362
70 260 1353
85 251 1331
84 255 1332
87 258 1329
68 266 1346
66 277 1368
64 220 1415
70 269 1338
67 274 1342
70 265 1348
65 214 1420
396 155 49
70 267 1344
69 265 1356
68 265 1362
64 217 1422
66 272 1373
65 217 1404
66 276 1372
70 266 1345
74 272 1334
74 270 1335
74 268 1338
74 269 1336
63 220 1431
64 221 1413
348 174 61
67 213 1395
345 176 63
342 183 61
342 187 60
343 181 60
343 180 61
64 218 1421
350 173 61
66 210 1406
65 215 1418
64 215 1423
348 176 55
64 214 1427
65 208 1423
350 174 60
67 209 1405
343 186 56
65 218 1401
345 177 59
343 182 58
343 183 57
347 175 57
346 178 53
346 176 56
345 179 56
344 178 58
344 181 53
347 177 54
345 180 53
346 181 50
394 160 49
394 157 58
394 163 47
392 162 48
395 157 51
393 161 48
395 158 48
395 155 55
394 158 50
395 161 46
392 161 50
391 167 48
393 159 50
391 163 50
391 160 51
390 163 54
390 162 57
390 164 49
389 164 52
393 174 47
73 274 1336
394 164 44
341 183 73
342 181 65
341 185 68
342 182 64
340 189 63
341 186 63
346 175 66
345 175 68
343 178 70
343 179 66
342 179 70
341 182 90
340 183 78
194 241 1097
365 151 659
364 154 642
362 162 653
361 156 660
364 152 659
360 160 663
364 159 641
362 153 658
363 154 655
364 160 639
366 153 649
364 153 653
362 156 654
363 151 663
365 152 652
363 155 650
362 155 657
362 163 652
360 155 672
361 161 656
363 157 645
395 48 177
112 239 1265
399 152 44
71 249 1366
73 245 1364
71 246 1368
73 243 1370
75 263 1338
75 262 1342
76 266 1341
113 276 1257
112 274 1258
115 246 1263
116 245 1263
395 34 182
118 240 1259
118 245 1255
69 257 1373
394 64 198
117 243 1262
80 227 1375
117 245 1256
119 245 1253
119 231 1264
119 241 1255
94 241 1352
120 227 1268
173 195 1169
174 194 1167
175 193 1163
116 250 1257
94 239 1362
118 230 1267
135 229 1239
134 225 1241
137 228 1232
136 224 1234
137 220 1239
136 221 1242
92 243 1358
79 234 1372
81 229 1369
80 237 1368
395 45 179
80 231 1369
66 259 1390
338 197 100
70 255 1367
67 256 1385
338 194 102
112 238 1274
67 255 1386
91 244 1338
90 249 1340
89 250 1336
92 249 1321
93 247 1337
92 250 1318
91 254 1315
93 259 1310
91 250 1329
399 153 43
91 252 1320
398 152 52
317 392 331
93 248 1330
400 151 44
401 147 46
93 250 1313
399 149 45
318 403 314
398 150 57
397 153 44
318 394 326
400 152 43
91 258 1314
400 153 42
90 254 1329
89 253 1330
90 255 1316
93 254 1311
93 249 1315
92 253 1312
103 235 1288
105 241 1283
103 248 1284
104 247 1285
107 243 1271
109 243 1269
109 237 1280
107 238 1281
108 246 1267
107 239 1280
106 240 1284
108 239 1277
110 244 1266
110 241 1267
109 242 1274
110 239 1268
109 239 1275
97 244 1303
100 238 1312
98 240 1303
100 243 1288
100 239 1303
98 247 1295
97 255 1300
96 250 1307
99 240 1289
101 242 1286
101 240 1287
100 248 1287
397 28 141
397 31 133
64 267 1408
397 40 132
396 31 136
69 260 1371
83 259 1325
80 258 1343
81 257 1345
80 262 1338
82 260 1336
82 266 1328
69 245 1376
67 243 1390
134 296 1211
134 292 1226
136 293 1214
135 294 1211
136 292 1222
137 290 1225
135 293 1215
134 295 1222
133 301 1221
118 224 1274
63 218 1433
314 394 340
315 395 332
313 400 336
313 397 339
315 399 329
314 398 330
313 398 337
133 202 1281
132 200 1307
133 199 1303
133 200 1290
133 201 1289
134 196 1285
133 198 1309
135 200 1275
135 195 1302
140 189 1270
138 191 1262
140 195 1254
137 194 1263
137 193 1275
136 197 1282
136 195 1284
139 195 1256
137 192 1285
138 190 1288
145 203 1243
145 204 1236
146 207 1233
144 210 1237
115 230 1270
114 228 1271
115 224 1275
115 223 1276
110 232 1301
113 232 1276
115 222 1280
113 226 1282
112 232 1284
112 226 1286
113 231 1280
116 225 1270
114 222 1300
114 225 1284
111 226 1299
110 226 1303
113 223 1288
116 229 1268
115 221 1281
111 232 1288
112 225 1298
114 227 1278
110 230 1302
316 399 319
334 267 264
333 269 257
337 209 137
337 207 157
339 193 175
337 197 186
337 198 179
140 187 1308
337 208 150
336 211 152
336 210 160
144 182 1268
144 185 1263
143 184 1285
141 188 1293
140 188 1294
146 184 1264
142 185 1283
142 188 1267
144 193 1248
142 191 1256
143 186 1282
145 187 1252
143 188 1264
142 187 1268
142 190 1262
146 191 1249
143 190 1250
152 177 1204
149 178 1236
151 177 1226
152 176 1224
153 174 1222
150 176 1235
153 173 1231
150 175 1236
151 174 1238
151 178 1220
153 176 1208
151 184 1213
152 174 1236
151 180 1218
149 177 1249
155 172 1202
151 175 1227
150 179 1226
154 175 1215
158 175 1191
162 176 1181
159 168 1202
158 174 1194
157 176 1198
159 173 1193
160 173 1187
158 169 1205
158 176 1186
161 175 1184
156 170 1231
161 171 1200
158 173 1195
166 169 1178
163 173 1179
165 172 1178
161 172 1192
164 172 1180
164 173 1176
162 169 1197
162 172 1186
163 168 1195
166 172 1176
163 172 1183
162 170 1187
163 178 1170
165 176 1173
164 168 1188
163 171 1185
165 170 1181
164 166 1217
163 165 1220
163 167 1213
163 164 1228
165 163 1222
165 167 1207
165 164 1218
166 167 1204
169 167 1197
170 166 1207
168 166 1216
172 165 1185
174 163 1192
171 166 1200
171 168 1187
174 170 1174
171 165 1206
172 161 1196
172 168 1178
172 166 1182
171 167 1189
170 163 1211
170 159 1238
171 157 1225
172 160 1209
175 158 1195
172 159 1210
174 160 1195
172 158 1223
171 156 1240
170 160 1226
173 162 1195
174 157 1211
171 160 1220
173 159 1202
176 156 1193
175 160 1194
174 154 1231
175 153 1228
173 152 1233
173 155 1224
175 154 1223
172 154 1245
173 156 1215
173 154 1232
173 157 1212
175 155 1222
172 155 1242
171 155 1252
179 153 1183
179 154 1177
179 157 1175
181 151 1193
177 152 1207
178 151 1210
177 155 1190
178 152 1205
176 155 1205
178 153 1196
178 155 1188
178 158 1184
177 161 1188
179 152 1190
181 160 1174
184 147 1201
186 149 1194
182 145 1222
183 146 1210
183 146 1217
183 144 1225
183 147 1208
184 145 1221
185 149 1196
185 146 1209
183 148 1206
181 147 1229
185 145 1213
182 147 1218
182 144 1226
184 149 1200
181 149 1227
186 147 1198
186 146 1204
187 149 1187
183 150 1195
185 144 1216
187 143 1232
188 139 1234
195 136 1176
191 137 1197
191 136 1198
190 140 1194
194 136 1182
191 142 1178
190 139 1198
192 138 1178
192 137 1180
192 141 1175
193 137 1168
192 139 1177
190 138 1199
191 138 1182
195 140 1166
192 134 1185
190 137 1200
189 137 1205
197 136 1165
197 135 1181
197 137 1163
196 135 1182
198 140 1137
197 144 1152
197 140 1157
200 137 1137
194 146 1167
199 139 1151
202 126 1149
201 127 1152
202 125 1165
201 126 1167
200 127 1168
203 124 1166
204 124 1136
198 130 1164
200 143 1136
202 127 1128
199 129 1154
201 128 1144
201 131 1125
200 129 1139
202 132 1123
200 128 1154
201 129 1135
203 126 1141
201 130 1133
198 136 1157
337 211 134
333 376 255
331 379 256
332 376 261
329 383 263
333 378 254
332 378 257
331 378 261
332 377 260
330 383 257
332 380 254
332 382 253
330 381 258
329 379 271
328 378 274
329 377 273
329 382 269
327 382 273
327 378 278
328 372 277
331 376 273
329 374 274
328 379 273
330 377 268
330 371 287
331 383 253
335 215 178
335 217 169
335 218 168
71 222 1385
69 221 1386
69 227 1381
70 226 1380
68 231 1393
70 230 1379
254 451 600
399 27 118
68 233 1382
258 444 596
260 448 574
399 18 124
256 446 599
259 440 592
258 446 594
258 448 591
257 445 598
259 439 594
261 450 569
259 446 581
260 443 585
257 446 596
261 444 578
400 18 120
399 23 119
67 239 1394
400 23 113
69 237 1380
258 447 593
400 21 118
398 20 123
399 20 120
314 395 335
313 396 343
315 394 335
312 399 343
314 397 334
315 391 339
313 394 352
125 212 1267
125 215 1262
123 214 1285
124 215 1263
125 214 1264
123 215 1281
127 212 1257
124 212 1275
128 216 1244
126 213 1260
126 210 1263
122 216 1267
127 210 1261
126 215 1254
125 217 1252
131 210 1258
130 207 1266
133 212 1249
132 207 1251
129 206 1276
131 203 1267
133 203 1263
134 211 1250
128 208 1269
134 206 1258
132 205 1262
133 214 1248
138 209 1241
139 209 1240
138 202 1256
137 211 1240
137 209 1244
137 206 1250
136 205 1256
136 211 1249
137 205 1254
139 204 1241
126 216 1245
400 20 119
120 219 1278
121 223 1258
329 369 288
120 218 1288
122 222 1257
123 221 1256
120 220 1273
121 221 1268
123 224 1255
327 376 291
325 383 282
325 377 295
326 379 282
325 385 279
324 380 297
325 380 285
326 382 279
326 380 280
325 379 292
324 389 287
325 384 280
327 377 287
326 383 277
328 371 295
327 384 271
327 381 277
328 383 269
328 382 272
326 387 275
328 377 275
326 386 276
326 378 289
332 375 265
331 377 265
328 385 268
334 375 253
334 379 248
327 374 293
327 373 297
121 218 1271
131 202 1317
134 201 1284
207 25 723
210 21 714
207 23 724
211 19 707
211 20 706
210 18 721
209 22 706
209 19 717
208 21 719
212 19 704
210 24 702
210 20 716
212 18 717
213 19 700
212 17 719
213 20 699
211 23 698
213 16 716
211 22 701
213 18 712
214 16 700
215 18 697
212 23 691
212 22 696
161 345 1062
163 343 1048
165 346 1040
168 348 1028
166 345 1033
170 343 1027
172 339 1013
173 343 1002
176 349 997
174 348 1000
178 353 992
177 354 989
178 349 993
179 352 976
181 352 956
182 351 945
183 350 938
199 372 880
205 370 865
205 371 863
234 411 689
234 412 688
235 411 685
239 408 683
237 409 684
240 408 678
248 410 671
249 404 670
250 414 664
251 413 663
252 415 659
253 413 653
242 407 672
254 410 651
255 409 647
256 408 643
256 407 644
259 413 625
259 419 621
260 422 620
263 421 608
258 408 632
264 423 598
265 422 595
265 423 579
267 424 577
268 426 576
270 427 570
271 426 569
272 430 562
273 431 556
275 430 554
276 432 539
280 430 535
278 428 536
282 439 520
282 432 524
284 439 503
283 437 507
285 431 502
286 431 493
286 432 487
292 435 478
293 434 469
287 428 485
294 435 457
295 432 452
296 432 448
296 433 447
298 433 442
300 430 440
302 431 435
302 430 436
305 427 416
306 432 411
310 440 404
306 427 412
309 441 406
310 438 409
310 442 403
311 439 387
323 383 301
323 391 289
323 384 298
323 387 293
81 261 1338
82 265 1333
82 259 1341
81 263 1334
83 258 1338
69 218 1393
334 386 241
333 383 245
146 341 1088
160 358 1058
162 358 1051
162 356 1054
162 360 1044
160 363 1054
162 359 1049
161 359 1057
161 360 1053
164 356 1027
163 355 1040
347 181 53
346 182 52
106 299 1274
403 19 109
68 223 1394
73 222 1381
402 18 110
403 24 108
402 24 109
401 18 112
401 29 111
69 240 1379
67 247 1388
120 307 1189
120 311 1156
401 16 123
400 16 127
402 15 126
402 16 120
401 17 122
118 322 1170
121 312 1145
121 313 1141
155 335 1093
158 336 1080
161 335 1070
165 345 1045
171 349 1023
169 342 1036
177 342 1000
173 337 1010
178 346 997
180 339 996
175 349 999
180 349 982
178 355 976
188 349 944
186 357 927
187 353 917
194 359 908
196 358 905
195 356 915
198 368 899
184 351 930
199 370 882
201 372 876
202 370 873
235 408 688
239 411 682
242 405 676
250 412 669
253 401 674
250 415 661
252 413 661
252 417 657
253 411 661
296 415 623
257 409 637
260 404 633
257 405 645
261 419 620
288 418 620
279 402 662
263 419 610
261 408 631
262 424 618
267 421 599
263 425 581
269 427 575
266 425 577
275 431 546
276 428 558
276 431 540
279 427 545
278 427 554
282 440 512
288 430 484
289 430 482
295 424 485
292 436 477
287 420 491
294 431 463
295 427 460
308 418 491
299 424 449
309 420 457
308 419 474
301 429 442
305 421 470
306 421 438
303 423 444
294 439 447
297 437 443
303 425 424
307 428 411
310 439 405
307 423 413
285 428 524
314 393 370
320 394 309
313 395 347
321 388 302
68 242 1378
70 239 1376
69 241 1378
72 240 1372
70 241 1371
72 236 1376
77 250 1361
76 256 1355
77 253 1353
75 253 1361
76 252 1357
75 257 1358
77 258 1350
78 259 1349
85 274 1321
84 280 1319
85 278 1313
85 282 1312
97 291 1287
95 292 1282
104 308 1275
106 314 1260
105 314 1269
106 305 1269
107 307 1261
107 314 1250
104 313 1272
107 306 1263
106 308 1261
110 305 1236
108 309 1242
107 308 1252
111 308 1230
111 313 1229
109 303 1255
110 317 1227
110 315 1231
111 316 1226
111 317 1224
110 318 1221
113 310 1217
114 313 1215
114 307 1217
113 317 1209
113 321 1206
112 315 1212
114 316 1201
116 313 1195
115 304 1200
114 318 1199
115 320 1189
117 321 1178
116 322 1179
117 317 1182
116 323 1177
118 315 1189
119 315 1180
119 319 1161
121 307 1175
119 317 1167
122 311 1155
124 309 1153
124 310 1140
124 316 1135
123 317 1132
126 314 1132
125 315 1123
127 313 1118
143 330 1104
146 328 1103
147 335 1101
148 337 1094
152 352 1074
152 345 1077
152 346 1076
153 336 1085
154 340 1073
153 345 1071
154 343 1063
160 368 1051
162 370 1039
162 363 1043
161 364 1042
162 372 1032
162 369 1041
166 362 1010
165 366 1011
162 371 1037
163 360 1021
167 361 1012
167 366 1009
167 375 1004
169 373 996
169 361 1004
169 362 1003
168 364 1001
170 362 1002
170 359 1009
169 374 992
170 363 986
174 358 991
175 368 978
174 377 976
174 360 990
176 363 971
175 365 979
174 368 979
173 374 984
174 372 977
176 375 966
180 367 968
179 371 965
177 369 966
179 373 962
196 377 900
195 381 905
197 376 896
196 385 897
198 374 891
196 375 901
197 375 898
195 377 906
195 382 903
197 381 890
195 383 900
196 378 898
197 380 892
198 370 896
198 379 885
196 394 892
197 382 882
201 405 846
199 415 850
198 412 863
199 410 851
200 408 848
200 407 859
202 413 832
199 409 858
202 401 842
201 411 840
202 404 837
205 403 821
239 440 679
240 440 669
242 449 653
240 451 659
242 451 648
244 447 647
242 437 662
241 450 654
241 451 653
242 439 655
242 450 652
240 445 662
241 445 655
241 453 650
239 451 667
243 445 649
241 444 665
244 438 659
244 442 654
245 434 655
243 448 643
246 438 650
245 447 640
246 439 644
245 446 643
247 443 637
247 435 642
247 449 629
249 435 639
249 436 637
248 439 637
249 443 631
249 447 627
249 440 632
252 440 626
251 441 628
250 445 617
251 443 623
253 443 609
252 447 614
254 439 619
252 450 611
253 442 619
254 442 618
255 437 614
255 442 612
258 434 617
255 444 605
258 435 612
258 437 611
260 438 602
259 445 584
257 459 577
259 460 565
260 451 573
259 458 567
258 450 579
256 455 582
258 455 568
261 461 563
261 449 570
256 457 580
258 449 580
261 452 567
265 449 567
263 448 568
262 451 562
268 446 565
260 445 577
260 455 566
262 447 572
264 440 578
265 445 575
263 446 570
264 445 576
267 442 570
266 445 567
266 449 566
262 450 563
265 451 555
263 447 569
262 442 583
262 455 556
264 450 559
256 453 586
260 453 567
261 455 564
259 444 586
256 451 596
257 455 579
256 452 591
259 452 577
257 449 581
256 454 583
258 454 576
258 452 578
256 439 605
258 441 602
255 435 617
253 440 620
256 445 604
253 449 601
252 450 613
248 461 625
248 444 629
249 450 624
246 445 639
252 441 621
250 443 628
252 437 636
250 439 633
247 441 641
247 446 632
249 434 651
246 437 653
246 443 643
248 437 641
249 433 653
246 447 634
248 442 635
245 433 658
245 440 645
245 439 652
244 451 637
238 442 676
240 439 677
241 439 673
239 441 668
241 438 677
243 436 667
202 410 834
201 408 842
203 403 831
204 396 826
202 408 836
203 405 828
201 410 841
196 393 896
199 377 875
199 380 872
175 356 982
175 355 994
177 362 970
174 367 985
175 364 980
173 362 1001
177 358 979
169 365 998
168 371 1000
167 372 1008
166 374 1009
151 332 1097
149 337 1080
152 342 1078
122 307 1156
119 316 1174
117 326 1172
116 314 1191
118 319 1171
115 319 1198
115 313 1199
112 313 1227
110 302 1258
109 306 1233
107 301 1266
403 16 117
95 246 1337
105 232 1316
108 230 1305
119 220 1294
175 151 1241
176 149 1234
177 148 1231
179 147 1231
181 145 1231
195 133 1196
197 132 1184
198 127 1172
199 125 1172
200 124 1190
200 123 1193
201 122 1192
204 121 1199
206 18 730
207 17 730
208 16 725
207 16 735
402 17 114
63 227 1430
63 230 1429
63 238 1427
63 232 1428
63 242 1425
63 253 1423
63 243 1424
63 255 1421
63 256 1419
63 258 1418
63 263 1415
63 264 1414
63 265 1413
63 267 1412
63 269 1410
63 270 1398
63 274 1397
365 150 674
366 150 672
