42 1 13
35 41 6
40 1 21
31 30 43
36 41 2
30 32 41
32 32 33
31 28 45
40 14 3
33 21 44
36 48 0
33 44 18
34 17 47
36 18 36
35 17 44
35 18 37
30 33 36
30 45 22
33 33 24
30 35 35
31 33 32
29 36 36
37 21 23
36 17 38
36 16 45
37 14 41
37 15 37
33 26 41
32 27 36
41 14 0
34 32 23
35 32 20
37 27 4
31 45 18
41 13 4
43 4 3
39 11 26
31 29 44
31 44 24
30 38 32
37 19 26
39 14 13
35 19 35
39 25 3
30 44 31
40 24 1
35 48 3
38 19 24
40 25 0
35 25 28
32 44 19
38 25 7
37 39 3
36 20 24
39 24 5
34 45 10
34 20 36
42 13 1
29 33 47
31 35 28
35 20 29
33 43 19
34 19 45
35 34 17
34 33 21
35 33 18
34 28 24
36 39 6
32 33 25
33 34 21
33 35 20
34 34 18
38 20 21
35 35 15
37 18 27
35 51 2
38 15 28
32 45 14
38 23 17
38 24 13
37 26 13
37 25 15
37 24 19
36 26 19
35 27 23
42 12 6
34 27 25
34 49 7
36 27 11
36 34 7
38 26 5
33 27 29
36 19 28
34 51 6
32 35 24
35 40 14
29 45 28
34 41 12
38 14 36
38 12 37
38 11 40
38 27 0
31 31 42
31 32 37
45 4 0
28 45 41
39 26 1
37 41 0
40 0 27
46 0 0
46 0 0
46 0 0
46 0 0
39 0 35
43 0 13
45 0 2
39 1 34
42 0 14
44 0 4
41 0 17
31 132 17
30 132 21
29 132 24
29 131 25
27 131 32
28 131 28
28 109 32
33 132 11
29 111 27
28 111 31
27 133 31
27 45 48
