444 356 256
445 352 260
444 357 255
445 355 258
443 356 260
442 357 260
445 356 253
443 362 256
412 382 265
412 377 280
411 382 272
412 375 281
411 378 282
411 379 281
409 382 278
414 378 277
612 184 144
612 185 143
611 185 145
251 524 216
252 516 221
359 361 304
253 509 225
251 525 215
251 526 211
139 639 227
251 520 220
355 413 248
253 514 222
614 150 96
258 508 220
257 520 214
140 636 224
141 633 222
259 510 217
261 514 212
260 519 214
257 511 217
257 517 215
262 516 211
261 503 226
259 506 220
262 499 219
270 485 222
268 493 213
266 502 213
271 489 216
268 480 223
268 496 210
268 488 221
271 483 219
263 495 223
269 479 223
265 487 222
266 482 224
265 482 228
265 489 218
265 485 226
263 487 226
267 481 225
263 494 224
265 490 218
265 490 215
267 476 228
264 490 224
266 479 228
264 478 229
293 481 216
294 484 213
273 472 226
308 493 212
278 480 219
278 467 228
288 472 225
288 473 223
288 469 227
288 479 219
282 474 225
282 478 221
281 479 221
270 477 223
306 494 212
158 607 205
404 387 265
404 381 282
402 383 282
403 384 266
403 383 280
402 389 267
404 383 277
401 388 270
402 385 276
430 360 270
431 374 264
433 366 260
430 363 269
432 355 275
431 358 270
433 358 266
430 359 274
432 360 263
434 355 274
431 364 267
431 359 268
432 374 262
429 360 279
432 356 269
441 356 261
441 358 258
440 358 259
440 359 258
441 355 261
442 354 263
440 357 261
440 353 266
443 368 255
443 369 253
440 369 254
339 379 293
614 147 98
160 646 201
370 429 238
373 415 237
161 633 201
353 411 262
435 269 376
161 645 200
614 148 97
162 630 200
356 407 262
358 409 257
357 410 257
359 404 262
354 414 252
356 410 258
355 408 262
355 409 260
354 415 251
357 420 247
354 411 253
302 461 226
299 468 223
300 466 218
293 468 226
298 466 226
296 469 223
296 471 220
297 461 227
295 471 223
290 469 226
293 472 224
293 473 221
292 475 222
293 471 225
294 464 227
294 467 225
293 476 217
358 514 208
358 511 209
302 441 235
299 449 232
298 450 231
291 415 261
292 414 258
291 422 248
294 415 257
303 416 248
297 412 267
297 413 265
298 412 265
299 411 265
297 410 271
291 416 257
615 153 95
317 410 269
317 406 273
318 403 276
317 403 278
320 402 272
320 397 274
320 394 279
320 406 270
321 392 277
322 391 278
321 398 271
323 391 271
321 399 269
320 401 273
321 391 280
318 400 278
319 398 274
322 397 272
351 412 254
333 405 266
332 410 267
335 389 279
336 397 270
336 398 269
338 399 268
339 382 284
338 381 288
338 390 278
336 384 281
340 389 278
337 387 280
338 386 279
335 388 290
335 386 293
338 380 292
337 382 285
335 387 292
337 381 291
343 379 291
345 378 291
340 376 302
343 373 295
342 375 294
340 375 303
340 374 305
342 365 302
341 377 295
341 372 304
342 369 298
344 368 301
339 375 304
341 374 300
346 375 291
346 367 298
346 371 295
348 377 290
346 372 293
355 379 288
353 372 292
355 371 290
348 364 305
348 369 295
349 365 301
351 364 297
350 366 300
348 373 292
347 370 294
362 359 302
361 361 303
361 362 302
363 359 299
363 358 302
302 409 274
616 146 93
143 635 211
432 270 372
613 159 105
143 624 215
143 633 212
142 632 213
144 623 207
143 626 213
144 634 206
146 633 205
145 628 206
144 622 212
145 636 205
143 637 208
142 641 212
143 645 207
613 148 107
145 618 208
358 366 295
351 421 246
596 444 11
395 386 277
394 388 276
396 391 270
418 379 266
419 384 260
418 381 261
418 389 260
595 440 12
597 441 11
599 430 18
599 431 12
600 433 11
595 439 13
600 429 12
598 432 13
600 425 20
600 428 15
598 430 22
598 431 15
599 436 11
599 439 10
602 432 10
600 435 10
605 435 7
599 442 8
600 436 8
603 428 8
602 439 7
603 436 7
602 433 8
601 434 8
607 424 10
605 426 9
606 425 16
606 429 7
606 436 5
607 426 7
606 427 8
596 433 12
436 266 381
434 269 382
436 269 375
436 276 371
438 274 370
437 276 369
435 268 382
436 268 376
437 275 371
615 136 96
431 274 381
612 231 1
613 229 1
610 241 9
611 233 1
141 637 219
614 227 1
169 618 202
612 228 2
248 526 219
249 519 222
247 529 219
247 527 216
247 529 215
246 538 213
246 525 220
249 521 221
248 521 222
252 517 218
248 529 212
256 521 216
256 510 223
254 522 213
254 515 221
255 514 221
254 513 222
252 514 223
254 512 223
372 405 243
156 617 206
341 380 291
164 601 209
166 595 219
164 603 205
166 598 210
165 600 216
160 601 213
169 601 207
169 610 203
171 596 209
169 608 204
172 593 210
289 426 242
286 420 253
287 421 249
288 418 250
287 418 253
171 600 208
172 600 205
172 599 207
173 591 211
175 609 202
173 617 201
173 620 200
176 626 199
179 606 201
179 613 199
179 605 203
177 612 200
179 610 200
177 617 199
181 593 201
180 600 203
180 602 198
182 591 206
182 592 203
181 606 197
183 586 207
185 587 203
184 584 209
182 589 207
183 590 205
183 595 200
184 586 206
185 589 200
183 596 199
173 593 206
185 583 204
187 575 213
185 582 207
186 581 207
186 579 211
187 577 207
189 572 215
194 568 211
193 570 214
192 574 213
194 566 212
193 566 221
190 567 215
194 562 221
196 558 220
196 557 221
199 549 215
284 428 244
282 431 240
281 432 238
284 421 252
283 424 253
283 423 254
283 429 239
284 423 246
199 558 207
197 551 214
197 560 210
195 561 213
198 550 212
270 436 246
271 434 242
271 438 237
271 433 245
274 432 241
270 437 243
269 440 250
274 425 245
272 428 245
199 554 210
200 548 215
195 559 217
197 554 213
200 546 218
197 562 207
198 560 207
200 566 206
198 559 208
200 550 207
202 542 216
202 555 206
205 542 211
202 547 207
204 551 206
201 543 215
202 543 214
202 545 210
205 547 206
202 544 212
204 541 212
204 533 228
204 540 225
206 532 228
207 531 228
208 527 228
206 535 221
272 437 240
273 433 237
205 537 214
260 451 250
257 460 245
258 463 236
260 452 240
259 454 236
259 453 246
264 458 230
263 455 235
263 457 231
266 454 233
265 452 236
267 453 230
267 451 233
266 450 234
272 447 233
271 450 233
267 446 237
269 441 239
272 436 241
264 455 232
264 454 235
267 448 234
264 452 237
269 452 232
265 444 240
268 443 235
257 464 238
259 463 234
257 462 240
257 461 241
259 464 233
260 462 232
259 462 235
261 458 234
258 458 240
258 461 239
256 467 240
261 446 246
262 445 239
260 450 254
218 518 224
260 461 235
216 522 223
213 533 222
216 516 230
214 520 225
216 519 224
213 531 223
215 530 219
214 524 221
212 527 225
214 531 217
217 518 226
218 512 225
254 482 233
255 480 234
253 476 238
255 482 232
253 484 231
253 478 235
253 469 240
256 473 237
219 528 220
218 529 220
227 502 236
226 498 240
224 503 236
225 502 239
225 506 227
226 504 235
235 501 232
231 501 234
235 503 230
234 499 234
233 502 233
232 510 224
238 501 227
237 495 236
237 493 237
237 497 234
221 506 228
242 493 229
238 498 233
252 485 234
239 487 236
248 474 247
249 476 240
238 495 234
241 488 232
244 477 237
240 479 237
240 486 234
238 484 243
242 490 231
238 492 237
242 478 244
241 483 235
248 475 242
238 493 236
238 488 238
242 491 230
239 494 228
240 489 232
238 494 235
242 487 233
239 492 233
239 488 234
243 478 237
240 485 235
241 492 231
243 492 229
371 405 244
242 479 235
372 413 238
372 404 249
383 401 241
370 408 239
380 399 247
376 400 250
384 402 240
382 396 253
379 394 254
385 395 251
384 398 246
384 393 252
382 398 247
383 403 240
378 400 244
377 400 245
616 145 95
383 396 249
378 398 249
409 379 285
369 401 261
371 397 265
369 397 266
368 402 258
367 402 262
367 401 263
369 398 262
368 401 262
370 399 258
371 400 255
363 416 244
370 400 257
364 411 245
362 412 249
362 410 253
364 415 241
363 410 250
363 411 249
364 409 250
363 408 255
364 413 243
364 405 253
374 405 241
375 398 251
380 416 234
374 402 242
376 397 251
375 405 237
408 383 267
139 654 223
367 415 239
140 621 229
140 635 228
141 620 229
369 407 246
365 407 251
139 632 231
139 634 229
308 408 270
304 406 275
306 409 270
141 622 224
306 408 274
142 630 223
142 615 225
369 402 251
366 406 251
367 403 251
364 410 248
365 412 242
363 419 243
365 404 254
363 412 246
364 414 242
365 408 250
358 408 259
361 406 260
358 410 256
360 408 257
358 407 260
358 406 261
357 408 261
361 402 265
365 411 243
361 412 252
306 404 275
141 647 217
367 408 244
369 408 240
365 409 247
369 405 248
367 405 249
366 409 240
366 407 247
154 610 239
149 615 218
139 648 224
381 397 250
147 669 204
148 662 204
382 404 239
382 404 237
382 399 245
382 402 241
382 397 249
421 372 274
420 373 282
422 377 268
421 371 279
422 372 269
422 366 284
423 367 274
421 367 284
422 365 285
421 368 283
419 371 283
422 371 274
422 367 280
420 368 284
423 365 280
423 368 268
422 368 278
423 362 284
431 357 280
433 354 277
389 400 243
150 617 212
392 396 247
152 611 214
151 615 213
389 398 244
151 614 214
420 375 273
420 377 269
390 398 242
410 382 277
435 356 264
434 358 264
433 359 265
435 359 259
433 361 262
435 358 260
435 364 256
435 354 267
434 360 257
436 355 265
441 354 265
411 385 261
411 380 274
411 384 262
410 385 263
413 381 271
410 381 278
396 390 274
391 395 248
391 393 249
390 394 251
390 392 253
437 355 262
434 357 265
412 379 278
441 352 273
155 621 202
153 621 206
151 625 203
153 618 210
153 622 204
153 617 209
153 618 207
151 628 202
155 618 204
154 620 205
154 612 207
155 609 210
193 576 209
207 651 195
205 661 195
205 664 192
206 649 196
207 662 194
619 210 1
620 208 1
621 207 1
622 202 1
435 278 359
440 271 360
432 285 349
619 69 96
433 284 356
616 92 111
431 287 353
624 65 92
434 284 352
620 65 93
431 285 357
437 287 348
435 282 352
433 283 358
439 266 369
437 265 375
438 266 373
441 260 372
439 262 374
437 263 378
439 261 377
438 262 379
440 261 374
439 263 371
438 263 375
439 271 367
427 290 355
425 290 361
423 295 356
425 293 354
425 292 359
424 292 361
426 292 354
425 291 360
423 294 360
426 290 358
423 293 361
422 296 359
428 288 357
442 269 365
442 266 367
379 343 321
379 350 319
379 339 330
377 340 328
379 337 334
378 348 326
379 341 327
380 340 322
376 343 331
390 333 327
392 329 332
391 332 330
388 338 329
390 336 324
391 336 323
392 331 328
393 335 324
390 334 326
388 334 330
390 332 332
389 336 328
396 338 320
394 325 337
395 327 332
395 329 331
395 324 334
395 326 333
395 330 329
394 328 335
396 329 330
397 329 327
399 319 339
395 321 336
397 321 335
397 325 330
399 322 333
393 326 336
397 323 332
401 315 338
401 322 330
400 322 332
400 318 337
399 320 338
402 322 329
401 321 331
401 320 335
401 324 328
402 319 335
400 321 333
403 320 333
426 346 319
424 348 319
404 318 336
405 321 330
379 342 325
378 345 327
379 346 320
375 349 332
386 335 334
389 333 338
386 337 332
403 313 341
405 310 344
405 319 333
409 311 331
407 316 328
407 311 333
405 315 335
405 312 336
409 316 327
406 322 328
406 316 331
407 315 332
418 332 326
419 329 324
418 304 334
414 303 343
416 304 336
413 304 344
416 301 338
417 307 334
416 308 335
415 304 338
419 300 338
416 299 344
417 300 341
414 305 341
415 303 339
428 306 333
429 314 330
427 309 331
425 309 333
428 297 341
426 297 342
425 299 343
426 294 348
426 298 340
427 302 337
430 297 338
426 296 346
428 296 342
425 297 346
434 303 334
434 300 337
358 360 311
361 357 310
364 357 303
363 354 304
362 355 308
363 353 305
366 352 311
432 302 335
431 304 331
433 292 348
431 292 351
431 293 350
431 289 352
439 260 378
358 361 307
359 358 305
446 72 188
448 55 182
449 57 180
448 52 183
448 50 184
447 50 185
447 49 188
451 58 175
448 48 185
450 54 177
449 50 181
623 71 89
619 78 93
617 86 106
621 66 92
408 446 6
407 447 15
399 456 2
432 436 43
396 463 2
415 441 12
405 450 3
452 435 43
425 439 42
401 451 9
403 447 23
396 454 4
400 448 14
450 438 42
409 440 38
398 456 3
390 466 2
388 466 2
391 457 2
390 465 2
389 464 3
394 455 5
387 475 2
399 452 2
405 449 8
421 439 55
462 116 174
465 85 173
479 136 172
474 144 169
473 162 171
610 247 2
610 245 3
609 257 7
609 256 11
608 255 18
606 276 24
607 263 35
608 261 7
605 285 46
607 272 28
617 213 1
619 209 7
616 222 5
619 208 9
618 79 100
622 74 90
623 67 91
626 91 88
619 87 92
621 68 91
615 128 103
618 87 93
620 68 92
621 90 90
620 75 91
616 127 104
615 110 112
617 97 96
625 92 88
618 86 98
451 47 183
452 47 180
450 47 184
451 48 176
452 46 185
450 48 178
449 48 182
137 662 224
452 48 175
137 650 227
137 638 230
361 409 254
262 493 227
138 660 213
140 648 213
195 560 216
256 464 241
375 346 336
423 298 349
424 297 349
334 390 287
334 388 296
375 347 334
432 284 361
435 277 368
445 259 368
622 66 92
622 64 98
623 64 97
434 278 361
624 62 99
137 665 213
625 61 100
137 640 229
137 647 228
137 652 225
137 635 231
137 633 232
