39 12 28
48 1 0
39 1 33
46 13 2
42 13 11
42 11 12
47 3 2
41 4 15
40 11 14
42 15 9
42 14 10
47 13 1
44 2 6
40 15 13
47 2 3
45 7 3
46 6 3
40 1 19
44 3 5
41 7 14
41 9 13
46 3 4
40 5 17
39 5 31
45 0 5
48 0 1
39 0 35
47 0 4
42 0 13
41 0 17
49 0 0
40 0 23
43 0 9
31 31 36
31 32 31
31 45 19
38 46 7
37 45 8
36 44 13
36 46 9
36 45 10
34 46 11
32 45 18
33 45 14
39 39 10
32 46 15
39 40 6
35 33 15
36 31 17
34 45 13
35 45 11
34 44 16
41 39 7
40 39 8
38 68 1
35 31 19
39 22 15
41 69 0
46 40 0
47 33 0
44 28 1
41 32 8
42 32 6
39 54 2
45 21 2
39 32 11
46 20 1
32 31 32
33 20 35
33 33 18
36 21 26
32 33 22
36 20 27
35 22 27
37 22 22
37 20 24
31 37 25
38 22 19
36 22 23
37 21 23
32 25 36
33 26 32
32 26 35
34 22 32
35 29 26
34 29 28
37 29 21
34 30 24
33 32 22
35 20 32
34 31 21
30 131 16
28 131 23
38 32 14
36 32 16
39 20 19
35 32 17
43 29 8
38 40 10
36 102 8
33 110 12
35 112 9
39 53 5
37 77 3
28 129 30
37 61 6
29 131 19
27 131 29
28 109 31
40 51 2
41 50 2
42 40 3
34 32 18
42 38 4
38 61 2
40 58 1
43 31 5
42 33 5
30 110 19
29 109 23
37 71 4
32 131 13
34 18 43
31 27 37
38 16 43
42 42 1
35 19 35
30 32 35
29 35 35
41 43 3
38 26 17
43 33 1
33 30 28
38 39 13
37 39 14
38 20 21
29 45 30
32 32 26
40 92 0
31 46 18
30 45 22
30 46 21
29 46 26
30 36 29
30 34 31
37 83 1
31 109 16
34 26 31
29 32 36
30 28 43
30 33 33
31 33 30
28 45 35
41 51 1
39 61 1
27 45 48
