170 660 197
244 380 4
184 638 206
189 623 204
193 611 204
195 608 205
197 597 205
201 596 205
203 595 205
206 593 204
207 584 206
209 575 205
211 570 205
214 559 205
216 558 205
216 556 209
219 555 217
223 550 217
224 549 214
226 545 208
228 543 208
232 542 210
231 541 212
233 540 212
231 540 214
233 538 215
235 537 216
237 536 222
187 626 206
241 532 222
439 12 50
440 11 50
441 11 49
443 10 51
443 11 47
354 12 95
356 11 94
551 317 4
552 311 4
553 299 4
554 296 4
555 82 4
556 76 4
137 648 223
356 10 96
168 649 198
137 654 220
137 664 215
137 643 224
137 638 227
137 661 216
137 650 222
170 648 198
137 641 226
241 533 215
137 705 190
139 699 190
143 686 190
146 683 190
149 673 190
151 672 194
153 670 194
156 662 194
137 655 219
158 656 198
162 655 198
166 653 198
172 646 202
177 642 201
178 639 209
174 642 202
137 642 225
181 632 209
185 631 211
137 653 221
137 656 218
137 658 217
137 637 228
137 634 229
