28 117 31
30 117 23
32 95 19
30 95 27
33 95 15
37 98 7
32 74 23
35 119 8
36 74 10
32 94 21
35 74 11
33 117 12
35 95 10
30 94 29
29 116 29
33 74 19
31 74 27
34 117 10
30 116 25
34 95 11
31 116 21
39 54 8
36 95 8
30 74 31
34 74 15
31 94 25
36 93 9
37 75 8
36 119 7
40 74 4
39 75 5
39 57 7
37 73 9
38 58 6
36 123 6
37 99 6
40 42 6
40 40 7
32 117 15
31 95 23
31 117 19
32 47 35
32 53 34
38 50 11
35 37 21
36 39 17
34 37 23
38 33 17
35 38 19
37 48 13
44 17 21
35 29 30
37 31 21
36 30 25
39 20 24
36 19 35
36 21 34
43 23 11
38 18 29
37 18 31
32 54 28
44 18 16
39 18 25
36 18 37
40 18 23
42 23 13
42 18 19
44 21 15
40 19 22
42 22 14
29 45 40
38 54 10
38 39 13
39 17 36
34 35 35
33 35 38
41 19 16
35 25 31
36 36 21
36 37 18
37 38 14
36 23 29
39 36 12
40 17 34
37 37 17
37 55 10
39 37 11
40 16 35
33 36 29
38 26 21
37 19 28
38 40 12
39 23 15
37 20 25
41 18 22
35 24 38
39 40 10
35 36 25
36 54 14
34 24 42
34 23 45
37 54 11
38 37 15
30 44 44
30 45 36
34 54 20
29 44 45
29 117 27
28 45 44
29 95 31
29 94 35
33 94 17
32 116 17
31 73 29
33 73 21
33 55 23
32 73 25
33 54 24
34 56 19
33 118 11
34 73 17
35 56 15
36 56 11
35 54 18
51 0 0
28 116 33
51 0 0
51 0 0
51 0 0
51 0 0
51 0 0
51 0 0
50 2 0
40 76 3
51 0 0
51 0 0
49 16 10
48 19 0
49 13 16
46 18 12
49 3 19
45 20 0
51 0 0
40 98 0
45 1 22
51 0 0
51 0 0
51 0 0
41 24 0
41 28 0
41 28 0
51 0 0
41 1 25
50 0 3
27 140 31
27 140 31
27 45 48
