131 512 223
131 518 219
131 530 214
131 542 210
164 588 149
185 528 165
131 499 228
131 486 231
223 487 182
131 531 213
131 545 209
181 542 156
131 515 221
216 492 173
131 489 230
131 533 212
131 552 208
131 630 197
171 559 149
197 522 171
131 510 224
219 489 182
131 492 229
131 554 201
131 536 211
191 525 171
312 390 264
131 502 226
131 631 196
168 573 149
193 523 171
212 497 175
229 486 183
225 486 184
260 437 234
262 436 235
264 435 234
267 428 234
312 391 263
257 440 210
270 414 234
278 410 246
280 409 237
284 408 239
286 407 242
289 403 252
291 403 251
293 402 251
274 411 234
296 400 245
298 399 246
303 396 247
305 394 250
308 393 261
299 396 249
131 503 225
314 389 265
232 464 190
230 466 184
241 446 205
242 444 204
246 443 204
249 443 202
253 442 202
259 439 216
236 449 190
239 447 190
189 527 167
317 388 262
131 513 222
201 509 172
131 519 218
208 507 174
131 520 217
214 496 175
131 522 216
131 529 215
538 235 1
539 221 1
540 220 1
541 219 1
542 216 1
543 195 1
544 176 1
546 123 1
547 97 1
319 245 4
318 249 4
131 555 200
548 96 1
134 626 156
138 625 156
142 616 156
146 613 156
147 609 156
336 14 191
335 14 192
149 600 157
151 588 157
153 580 161
153 578 172
155 577 180
163 575 196
219 468 273
225 449 294
236 433 304
259 410 327
282 384 354
307 356 395
491 17 47
132 634 153
167 566 196
217 478 258
225 450 289
229 439 294
229 438 295
232 437 301
236 434 303
238 428 307
242 424 307
244 423 307
248 420 307
252 419 307
254 418 309
256 417 318
262 403 324
264 402 326
266 401 326
268 400 329
270 395 330
271 393 331
274 392 331
275 391 341
277 390 341
279 386 344
280 385 352
284 377 354
287 376 358
291 374 370
295 368 390
297 362 390
300 361 391
302 359 391
303 358 394
310 355 399
312 352 394
314 348 392
316 346 390
159 576 194
261 408 328
221 462 273
295 369 386
494 17 45
492 17 46
496 17 40
495 15 41
131 632 189
131 633 171
131 635 139
135 632 139
135 631 140
139 630 143
141 623 143
143 615 144
147 612 144
151 605 144
152 599 145
154 598 145
156 597 146
160 590 148
164 589 148
174 556 156
177 552 156
179 545 156
183 535 165
199 519 172
131 481 234
131 484 233
