32 10 62
47 0 1
46 0 5
48 0 0
31 133 15
30 109 24
30 110 23
45 21 4
31 43 23
27 131 31
29 131 24
29 132 23
28 28 51
30 20 48
29 34 33
30 45 25
31 110 19
31 45 21
31 32 26
45 30 0
33 111 11
36 6 48
40 73 4
43 42 0
44 30 1
40 16 17
32 110 15
32 45 17
33 109 13
34 45 12
36 45 8
33 45 14
38 18 17
41 17 15
45 0 7
43 4 10
44 4 8
45 2 6
29 33 35
46 2 3
42 41 5
42 29 9
35 45 10
40 26 12
44 28 7
43 34 7
38 22 16
36 34 12
32 109 16
43 8 9
35 34 14
41 28 10
39 27 12
39 21 15
40 28 11
38 23 15
37 33 11
40 40 6
39 40 8
38 46 7
38 40 10
46 5 2
37 49 7
34 33 17
38 134 4
35 33 15
42 44 3
33 20 26
33 34 18
36 22 18
34 34 16
35 22 20
30 33 32
43 41 2
29 110 27
41 18 13
34 43 14
40 18 14
34 31 18
35 30 17
34 30 19
36 27 16
32 43 18
37 27 14
33 30 22
35 18 22
35 27 18
35 31 16
33 43 16
40 30 9
28 109 31
28 131 27
39 30 10
31 77 20
42 3 28
39 43 6
36 43 10
37 31 12
45 3 5
32 132 13
37 43 8
35 43 12
38 30 12
42 37 6
41 24 12
41 37 8
41 43 5
42 6 13
36 30 14
31 132 16
36 5 53
41 51 0
39 3 52
37 5 48
37 3 54
38 4 53
42 2 32
29 109 28
37 6 43
31 131 17
46 10 1
30 131 20
37 133 6
39 114 5
36 110 7
38 112 6
37 8 39
40 8 26
30 132 19
36 9 40
39 8 28
32 12 55
35 109 9
33 32 20
40 3 50
34 111 10
42 5 23
29 45 30
31 17 40
31 15 41
33 11 45
33 15 34
30 15 52
43 2 12
32 15 36
28 29 49
34 10 43
37 20 17
33 10 51
34 90 11
29 21 51
30 17 50
40 17 16
34 28 21
41 16 16
32 32 22
28 30 48
43 3 11
30 29 35
32 14 48
30 16 51
30 35 27
30 34 28
31 31 31
30 31 33
41 3 47
31 35 24
32 20 28
32 21 27
32 22 26
31 20 34
39 9 22
34 21 22
40 11 21
37 9 26
30 28 36
35 10 38
35 14 24
36 14 22
33 21 24
33 14 36
29 30 39
36 20 20
35 11 29
31 21 33
35 20 21
29 28 40
33 18 31
33 19 30
33 16 33
34 14 32
41 9 21
38 14 18
34 15 30
38 9 24
37 14 20
36 12 27
37 11 25
34 20 23
36 16 21
37 16 19
38 8 31
34 16 27
38 11 23
34 17 26
35 16 23
36 10 33
38 5 38
40 5 30
34 12 40
41 5 29
39 5 36
34 13 38
41 7 26
38 6 32
42 4 25
35 7 41
28 45 33
31 14 52
29 22 50
30 22 47
40 57 5
47 11 0
46 13 0
34 9 51
42 42 4
34 6 56
35 6 51
41 2 50
43 0 13
44 0 9
27 45 48
