39 31 1
39 30 2
29 104 23
41 3 16
42 0 14
41 0 18
45 0 6
43 0 10
44 0 9
31 103 16
32 26 48
33 25 48
42 17 0
45 13 0
36 45 1
41 20 0
30 103 20
38 32 1
29 84 27
31 31 35
29 44 34
30 27 48
37 45 0
38 30 3
39 32 0
42 4 11
36 12 35
36 6 37
39 3 20
37 3 24
38 4 21
38 5 19
39 4 15
38 6 16
41 19 1
30 104 19
38 31 2
40 18 3
40 19 2
32 104 11
36 32 6
36 43 3
37 32 2
36 44 2
30 30 47
35 45 5
43 12 7
30 31 45
29 33 43
44 12 2
29 32 45
33 43 24
34 107 7
32 44 23
31 43 28
30 45 26
33 44 19
34 43 19
39 19 6
36 26 24
39 18 7
31 30 36
41 6 11
28 45 33
41 4 12
29 43 35
29 42 37
30 43 31
29 45 29
31 44 26
30 44 28
33 31 28
32 33 27
30 32 34
31 27 44
31 28 43
40 20 1
37 44 1
36 25 29
35 25 34
32 36 26
35 31 20
31 34 30
36 31 7
39 13 13
40 11 11
38 11 15
37 31 3
35 32 10
31 33 32
42 15 2
31 36 29
34 25 36
44 13 1
30 35 33
32 46 20
33 29 34
42 16 1
32 28 38
41 17 2
32 27 41
45 12 1
32 29 35
34 21 39
29 57 28
34 29 31
35 30 21
36 30 8
40 8 12
43 13 2
31 29 41
31 45 22
33 86 14
34 86 12
33 47 18
32 47 19
33 49 15
32 45 21
33 32 25
33 107 9
32 30 31
35 29 27
33 30 29
34 30 26
33 89 11
31 32 33
34 88 8
34 32 23
34 33 22
33 26 42
34 87 11
34 85 14
35 43 7
35 26 29
34 44 15
37 30 4
31 104 15
32 32 29
35 78 4
31 84 20
30 84 23
31 85 19
32 87 16
33 109 7
32 86 18
33 88 12
32 89 15
32 103 12
29 103 24
28 103 28
28 44 49
28 104 27
40 0 24
40 0 24
40 0 24
40 0 24
41 0 20
42 0 16
27 124 27
47 0 0
27 124 27
27 124 27
27 124 27
27 45 48
