43 0 0
28 40 34
27 40 47
40 0 9
41 0 5
40 1 5
39 1 9
39 5 8
38 6 6
42 0 1
41 1 1
39 0 13
35 3 26
35 4 25
38 5 12
37 6 10
37 7 9
36 7 13
34 7 21
35 7 17
37 5 15
35 6 18
36 6 14
34 10 20
35 11 15
36 10 12
36 11 11
35 10 16
34 12 19
33 14 22
33 15 17
36 3 22
36 4 21
38 3 14
34 6 22
38 4 13
37 3 17
35 5 23
36 5 19
32 15 21
38 0 17
29 29 32
29 27 41
29 28 35
29 15 45
34 3 33
34 5 27
34 4 32
36 2 34
31 7 45
33 4 42
37 2 29
33 3 43
33 5 34
31 6 46
33 6 26
30 15 34
31 15 25
32 14 26
30 21 33
30 22 32
37 1 32
37 0 33
32 6 33
33 7 25
32 7 32
30 27 30
30 28 29
28 27 46
35 28 6
37 15 4
38 11 3
38 10 4
36 15 6
38 7 5
36 20 5
35 27 7
39 6 4
39 7 3
33 45 9
29 45 25
27 139 33
30 33 25
30 29 28
30 59 17
31 48 16
30 60 16
29 60 20
37 11 7
37 10 8
35 15 9
29 59 21
32 46 12
34 15 13
30 54 18
28 53 28
28 55 26
32 33 17
31 54 14
31 40 18
32 40 14
32 27 18
28 54 27
30 52 20
32 53 11
33 33 13
31 53 15
33 40 10
33 27 14
34 27 10
34 33 9
30 53 19
31 29 23
29 40 26
31 45 17
29 53 23
29 54 22
31 33 21
30 45 21
32 45 13
30 40 22
31 28 24
42 1 0
35 29 5
34 40 6
36 29 1
36 27 3
36 28 2
39 15 0
38 16 0
38 15 2
37 21 1
37 16 2
33 46 8
37 29 0
41 7 0
40 10 0
39 10 1
40 6 1
28 45 33
32 54 10
34 54 2
33 54 6
34 53 3
35 45 1
34 48 4
35 40 2
36 40 0
31 60 12
32 60 8
32 59 9
33 60 4
33 59 5
33 53 7
31 59 13
34 45 5
27 140 31
27 140 31
