38 0 17
36 1 21
29 27 39
30 27 34
30 29 30
30 28 32
29 28 36
32 21 27
31 22 32
31 25 30
31 23 31
29 29 35
34 16 23
33 17 26
37 1 17
31 20 33
27 44 51
30 23 38
37 0 22
33 15 28
32 16 32
35 10 22
34 10 26
28 30 46
32 15 34
32 20 28
31 15 47
30 26 36
34 15 25
31 19 36
30 15 58
35 1 26
30 17 48
34 4 36
28 27 48
33 14 33
32 10 59
28 29 47
29 25 46
29 24 53
29 22 54
29 21 57
33 13 36
31 12 59
32 14 47
33 10 44
32 11 58
30 18 46
31 17 46
31 18 42
39 0 13
28 42 40
36 0 28
40 0 9
38 1 13
47 0 0
45 0 1
42 0 5
44 1 1
41 1 4
41 2 2
43 1 2
42 1 3
46 2 0
44 3 0
40 1 5
42 2 1
43 6 0
44 0 2
39 1 9
28 111 32
40 18 1
37 11 14
37 10 15
29 134 23
30 134 19
28 133 28
28 132 29
27 133 32
34 17 22
35 17 18
34 20 18
39 18 5
38 18 8
37 18 10
36 17 14
39 19 4
37 20 7
38 20 4
35 16 19
37 21 6
36 11 17
39 20 1
39 17 8
38 16 10
37 17 12
37 15 13
38 19 7
36 18 12
36 19 10
38 15 12
35 20 14
36 10 18
38 21 3
28 112 31
27 132 33
28 134 27
29 133 24
30 133 20
28 45 38
32 110 11
37 30 2
36 31 2
38 28 2
36 28 6
38 29 1
37 32 1
36 30 5
37 28 3
36 27 7
37 27 4
35 46 2
36 45 1
34 43 6
35 30 6
35 45 4
31 45 18
32 45 14
38 127 0
33 110 7
33 27 18
33 45 10
31 27 26
30 32 25
33 30 14
33 26 19
32 26 23
34 30 10
32 30 18
31 32 21
34 25 14
35 26 10
30 45 21
29 45 25
31 46 17
32 27 22
33 25 21
30 31 28
32 25 25
33 20 22
36 26 9
31 26 27
42 27 0
40 74 0
39 100 0
41 51 0
31 134 15
31 133 16
27 134 31
27 45 48
