37 74 1
29 32 48
36 73 4
40 3 13
43 4 4
41 2 11
42 5 4
41 3 10
44 1 5
45 0 5
40 2 14
45 1 4
36 74 3
43 0 6
52 0 0
36 25 18
40 30 6
38 43 6
41 29 7
37 22 18
39 32 6
36 45 6
34 45 11
36 34 11
35 46 7
37 33 7
42 0 8
34 46 10
43 5 3
46 0 3
51 1 0
41 30 3
40 33 3
45 9 1
42 7 3
47 3 0
46 5 2
38 45 3
39 44 2
43 30 2
37 46 3
42 32 0
41 36 2
39 45 1
47 1 1
38 47 2
46 18 0
44 20 0
39 46 0
40 41 0
41 40 0
43 31 0
37 58 2
50 2 0
38 58 0
40 0 16
39 0 23
31 16 71
29 27 53
29 28 52
29 29 49
31 31 34
32 31 28
33 31 25
35 23 21
34 21 22
36 20 19
36 75 2
31 15 76
40 32 4
35 43 12
34 43 15
36 44 9
35 33 16
34 33 18
33 52 13
35 34 13
35 32 17
36 30 16
35 31 19
38 19 17
33 44 18
35 44 11
34 44 13
37 30 12
39 42 3
36 31 13
40 39 2
33 32 22
38 57 1
45 4 3
28 115 31
27 158 28
28 116 30
27 141 29
28 139 26
41 0 12
31 117 19
31 140 15
29 139 23
29 138 24
36 3 43
33 16 52
37 1 47
38 0 29
32 15 60
35 10 54
32 16 54
38 2 25
37 2 30
33 14 60
37 75 0
30 32 34
33 15 54
32 18 53
34 14 46
34 18 42
31 28 40
36 5 39
33 19 43
36 7 33
35 19 31
30 29 44
29 33 44
29 34 40
38 7 21
30 27 46
38 3 23
28 50 34
31 27 43
39 3 16
39 2 17
28 34 63
38 32 9
32 27 36
40 22 11
37 14 28
37 32 11
37 16 26
32 19 49
32 20 41
31 29 37
35 14 39
32 28 34
35 18 36
35 13 50
33 18 48
30 20 53
36 15 32
35 15 37
33 20 26
34 11 54
36 17 26
32 29 33
35 20 22
28 41 54
38 30 11
39 31 10
32 44 22
39 20 13
29 44 34
29 41 36
38 22 13
31 44 25
33 35 21
31 45 22
32 47 18
41 12 8
38 15 18
38 14 20
31 19 66
40 4 12
28 45 35
29 45 28
30 43 29
31 32 29
30 45 24
33 46 17
32 46 19
32 45 20
32 35 23
30 41 30
31 33 27
31 34 26
32 33 24
41 5 9
32 32 26
31 20 48
37 3 29
55 0 0
55 0 0
29 116 27
33 141 12
32 117 15
30 139 19
30 116 23
30 138 20
31 138 17
27 138 30
28 138 27
35 77 6
31 78 21
27 45 48
