101 104 0
117 75 0
55 152 0
118 73 0
102 103 0
121 68 0
59 146 0
119 69 0
122 66 0
124 65 0
99 107 0
100 105 0
93 118 0
92 119 0
91 121 0
97 112 0
95 114 0
94 115 0
82 130 0
81 131 0
83 128 0
85 127 0
68 138 0
70 136 0
72 135 0
66 141 0
58 148 0
104 99 0
88 124 0
56 151 0
105 95 0
60 145 0
57 149 0
103 102 0
61 142 0
75 132 0
74 134 0
106 93 0
107 91 0
89 123 0
87 125 0
110 85 0
108 87 0
109 86 0
114 79 0
112 81 0
111 83 0
115 78 0
116 77 0
126 64 0
199 19 0
135 60 0
178 44 0
137 59 0
194 22 0
182 30 0
195 21 0
185 24 0
183 25 0
179 40 0
180 36 0
181 33 0
127 63 0
130 61 0
53 163 0
196 20 0
