46 4 0
32 21 21
31 21 25
30 32 25
36 9 20
33 21 17
34 20 14
33 20 18
41 6 5
38 6 13
40 5 7
38 12 5
36 10 15
32 12 28
33 12 24
37 11 10
39 6 9
32 16 24
34 6 34
41 5 6
30 16 34
39 5 11
37 6 17
40 4 13
36 11 14
35 10 19
36 14 9
31 10 35
40 6 6
33 7 34
37 14 5
35 11 18
35 6 28
39 4 14
35 14 13
31 16 28
38 10 8
33 10 25
34 11 21
38 11 6
32 10 29
33 10 26
34 7 26
31 15 31
30 15 36
34 12 20
38 5 15
33 16 20
40 14 0
31 11 34
36 6 21
39 10 7
40 12 4
39 15 2
37 10 11
35 20 10
34 21 13
37 9 16
35 12 17
36 20 6
36 21 5
35 21 9
34 15 17
37 12 9
39 9 8
38 9 12
36 12 13
34 14 18
29 45 25
31 32 21
37 32 1
31 45 17
36 45 1
39 19 1
41 0 10
30 45 21
42 1 4
28 109 27
41 1 8
37 45 0
38 32 0
29 32 34
30 109 19
40 0 14
34 45 5
43 0 3
42 0 7
32 20 22
31 20 26
32 45 13
38 20 1
32 32 17
35 32 5
39 20 0
34 32 9
33 32 13
29 34 33
29 109 23
33 45 9
39 0 18
31 109 15
38 0 22
42 9 0
40 9 5
43 8 0
42 7 2
43 7 1
42 8 1
44 5 1
28 45 33
45 5 0
46 0 1
45 0 2
27 131 34
27 132 33
45 4 1
41 9 1
47 0 0
47 0 0
47 0 0
47 0 0
47 0 0
47 0 0
47 0 0
47 0 0
47 0 0
47 0 0
47 0 0
47 0 0
47 0 0
47 0 0
27 133 31
27 133 31
27 45 48
