41 40 0
40 28 5
33 45 18
34 33 19
32 32 25
40 20 10
34 32 20
35 31 20
33 32 22
33 33 21
35 28 22
34 34 18
36 20 33
41 27 4
40 27 6
32 21 43
39 27 9
42 21 4
33 35 20
41 32 2
39 28 6
41 24 6
36 32 13
31 32 28
37 32 11
37 28 13
41 21 7
37 27 15
38 20 16
36 28 19
39 21 11
37 20 19
32 30 32
32 34 24
33 22 28
35 32 16
37 33 8
35 33 15
36 29 16
31 45 20
38 27 10
37 25 16
36 33 11
35 19 37
38 33 6
36 21 29
32 36 23
35 18 41
40 56 0
38 29 8
37 19 23
43 25 0
42 28 0
30 32 35
34 18 43
38 21 13
33 20 36
31 27 36
32 23 41
30 34 28
34 23 24
40 33 3
33 19 43
36 26 21
32 45 19
41 29 3
35 20 34
41 38 1
40 45 1
30 28 47
39 32 4
30 29 45
30 31 40
33 31 27
30 33 32
29 35 36
38 56 1
32 49 18
28 45 33
29 45 27
30 47 23
36 48 8
38 45 5
29 33 37
39 45 3
30 45 25
37 55 5
33 46 15
29 44 35
35 49 11
32 50 17
32 38 22
31 38 26
34 47 12
37 56 4
37 47 7
35 45 14
34 45 16
46 3 0
39 1 30
40 1 22
40 2 20
41 1 17
39 2 29
42 3 13
42 7 12
41 4 14
41 2 15
42 1 14
43 1 10
44 2 8
44 1 9
44 4 7
44 5 5
53 0 0
47 1 6
51 1 2
52 1 0
46 1 7
46 2 6
47 2 5
45 4 1
45 2 7
45 3 3
45 1 8
37 17 36
38 15 34
37 16 39
36 15 47
44 19 4
37 14 40
43 21 3
43 18 5
42 19 5
36 16 46
41 17 13
41 20 8
40 19 15
36 17 45
45 18 0
38 14 36
40 15 16
41 18 9
38 17 20
44 20 0
38 16 28
38 9 40
40 14 19
38 3 44
39 5 28
27 140 31
27 140 31
30 60 22
31 116 19
32 117 15
31 139 16
29 47 26
27 139 32
28 139 28
28 116 32
29 139 24
30 139 20
28 117 31
27 45 48
