44 0 0
39 1 22
38 10 5
40 9 0
38 0 39
40 0 13
43 0 1
39 0 24
42 0 5
41 0 9
36 17 11
34 9 44
31 26 30
31 29 28
30 29 33
32 47 13
30 47 21
31 38 18
38 3 13
32 38 14
30 50 18
32 11 43
35 7 31
35 38 2
34 51 2
35 6 33
34 38 6
36 33 1
34 29 13
33 27 17
36 31 2
33 50 6
32 16 30
34 30 10
36 3 33
32 17 29
34 15 20
34 12 27
33 15 24
35 18 14
35 12 22
33 14 25
35 30 7
34 10 29
33 10 30
32 50 10
33 30 14
34 14 23
32 18 22
36 19 6
37 6 12
31 16 38
35 10 25
31 18 37
31 19 34
39 3 9
31 20 33
35 47 1
29 50 22
37 19 3
38 4 12
35 14 17
33 18 18
33 16 23
34 21 14
34 18 15
36 7 16
35 19 10
36 6 17
36 47 0
37 3 19
37 33 0
37 31 1
30 26 36
31 30 22
32 30 18
35 31 6
31 50 14
32 14 42
40 4 8
33 38 10
34 47 5
35 35 5
32 10 46
34 35 9
42 5 0
30 20 47
38 6 8
36 10 13
31 27 29
30 28 34
33 47 9
29 44 26
30 27 35
41 5 1
42 2 1
30 44 22
29 39 33
30 39 28
32 35 17
31 47 17
38 2 30
40 5 6
39 2 21
28 45 34
37 10 9
33 35 13
28 46 33
29 38 34
30 38 29
28 51 26
29 32 47
38 15 4
37 23 2
29 33 45
38 19 0
41 3 6
41 2 8
37 17 6
39 6 4
38 16 2
43 2 0
27 131 30
39 14 0
27 45 48
