44 0 8
39 32 1
36 47 2
36 45 4
37 45 3
37 47 1
37 46 2
38 43 2
39 19 17
33 46 17
32 47 25
37 20 19
35 47 6
41 0 14
40 0 19
43 1 8
42 0 13
40 32 0
34 32 21
35 45 9
38 45 1
39 0 41
39 1 40
44 5 6
39 3 36
39 2 38
39 4 34
38 8 37
39 14 33
38 16 24
41 1 12
42 3 9
36 20 26
39 21 6
37 17 42
35 31 22
37 25 18
36 28 12
39 18 18
36 27 13
36 25 22
35 25 32
33 32 25
47 13 2
34 31 28
34 27 41
35 21 39
42 19 4
36 21 24
41 31 0
35 23 38
40 20 4
35 28 23
35 27 24
39 20 7
39 15 20
34 28 30
41 20 1
42 1 10
36 43 9
35 26 27
46 14 0
33 28 43
44 14 1
38 20 15
38 21 13
40 29 1
42 20 0
43 14 2
35 33 15
38 19 21
35 32 16
38 32 4
37 32 6
36 29 11
37 29 8
38 26 6
40 26 3
39 26 5
37 26 9
42 14 5
34 45 13
40 15 9
41 14 6
43 0 9
37 34 5
33 30 39
32 32 37
31 32 45
31 114 27
29 45 43
48 7 0
32 45 29
33 45 23
31 47 31
30 45 39
31 45 35
30 48 38
31 44 41
31 43 44
30 44 47
39 78 0
48 2 1
50 0 0
46 1 3
45 0 6
47 0 5
27 132 31
27 132 31
29 132 27
27 45 48
