50 0 0
50 0 0
45 0 1
45 0 1
45 0 1
45 0 1
45 0 1
45 0 1
45 0 1
42 0 14
44 0 4
43 0 5
27 131 27
28 131 23
28 109 27
30 109 19
31 88 19
31 109 15
29 131 19
41 27 0
32 109 11
27 41 49
28 32 47
27 131 27
30 131 15
33 88 11
35 88 6
34 88 7
34 45 11
39 42 0
37 42 5
41 13 6
40 15 1
34 109 6
30 88 23
32 32 20
33 29 20
37 13 21
35 16 23
41 3 26
36 112 3
41 11 8
40 8 23
42 5 12
42 9 5
42 2 13
33 45 14
34 44 13
38 32 3
38 9 23
39 27 3
37 27 8
36 27 11
36 26 13
36 32 7
39 11 19
38 11 22
36 46 5
40 11 18
33 32 18
41 5 22
39 14 13
42 12 3
35 32 11
36 20 15
36 45 6
32 45 17
44 2 3
35 23 15
39 10 21
35 20 17
37 14 20
40 9 19
37 18 17
35 18 21
33 20 22
36 16 18
36 14 23
36 21 14
38 14 17
41 9 17
40 6 25
38 28 6
41 10 9
39 15 5
37 15 19
38 20 8
34 20 19
34 22 18
40 12 8
35 22 16
38 18 14
38 19 11
37 20 11
33 35 17
37 19 16
35 45 7
34 32 14
35 34 10
33 46 13
38 29 5
33 131 6
40 28 0
39 28 1
37 45 2
38 41 2
38 42 1
43 9 0
42 13 1
44 8 1
32 131 7
27 40 50
46 5 0
41 14 1
40 14 5
29 109 23
29 88 27
31 131 11
29 45 29
28 45 33
30 45 25
29 32 35
29 20 49
33 109 7
31 45 21
33 18 30
35 14 28
28 41 36
28 31 49
31 29 27
32 28 25
32 29 23
32 27 26
31 32 23
29 41 31
40 5 27
30 39 27
28 40 37
35 15 25
34 17 25
29 31 36
30 31 32
30 32 29
30 20 36
32 15 37
29 40 33
31 27 30
31 28 28
40 2 33
30 15 50
35 9 36
40 1 52
38 7 30
31 14 51
36 5 48
34 15 29
39 5 28
33 10 41
34 11 35
37 5 38
35 8 37
38 8 29
36 8 33
37 4 47
30 14 53
31 15 44
31 16 37
29 21 47
32 10 50
35 6 38
32 17 35
36 6 37
37 6 33
38 3 38
35 10 33
34 10 37
34 6 50
37 11 25
36 9 28
32 18 34
37 3 50
30 21 34
38 5 33
28 29 50
33 17 31
31 20 31
33 15 33
41 1 50
33 19 29
32 20 27
34 14 31
36 3 51
33 14 36
30 28 33
32 19 33
30 19 47
28 28 57
29 28 38
29 29 37
33 11 40
30 17 48
29 17 52
29 16 53
32 14 38
32 88 15
42 14 0
27 131 27
27 45 48
