35 30 24
36 30 21
35 32 19
36 32 17
34 32 21
27 44 47
37 22 24
32 45 21
28 44 43
34 45 17
34 26 26
35 25 26
34 31 23
37 19 26
36 20 26
36 31 20
39 30 16
39 32 13
37 32 16
33 32 24
39 26 20
38 28 18
38 26 22
37 26 23
35 26 25
35 45 15
37 43 13
36 45 13
34 44 19
38 32 14
29 28 50
41 10 5
27 41 48
27 40 51
28 43 44
33 51 18
28 30 57
30 27 44
39 44 11
33 33 23
28 31 56
31 32 25
35 21 28
29 27 53
30 32 28
38 17 29
30 32 28
32 67 20
30 28 42
29 32 35
32 28 32
31 31 29
30 29 39
30 31 36
31 30 34
32 30 30
28 45 35
31 23 39
40 30 9
30 45 25
33 45 20
34 42 20
34 29 25
31 21 40
32 20 36
35 17 32
33 21 31
35 20 29
34 21 29
34 20 30
33 42 22
33 43 21
32 43 22
33 30 27
32 31 27
29 45 27
31 45 22
31 24 37
36 27 22
33 28 30
34 19 33
33 29 29
32 21 33
40 7 12
28 41 45
28 109 34
30 89 23
29 31 48
29 30 49
28 132 23
28 110 27
29 110 23
36 179 0
45 1 1
50 0 0
38 20 25
41 6 7
39 47 9
49 5 0
42 7 4
44 8 1
34 66 16
41 42 4
38 82 9
40 34 7
43 72 1
43 79 0
44 65 0
42 88 1
42 38 3
31 133 15
31 132 16
32 132 14
29 132 19
30 132 18
27 132 27
30 134 17
33 132 13
35 114 13
32 110 16
30 110 19
33 110 14
33 110 14
33 110 14
30 110 19
31 110 17
36 132 11
34 132 12
36 114 12
37 150 0
37 45 11
31 94 21
41 79 3
45 61 0
47 56 0
46 60 0
43 71 2
42 96 0
36 171 8
36 174 2
35 174 4
36 173 4
36 178 1
27 131 33
37 145 3
38 124 0
39 123 0
39 122 5
40 102 0
35 179 3
40 98 1
41 98 0
36 172 5
41 97 1
33 18 37
32 19 40
35 16 33
31 18 49
36 15 34
35 15 36
33 16 43
34 15 42
37 14 38
31 19 48
36 14 40
40 5 19
30 20 47
39 8 22
29 23 61
33 14 58
29 21 62
30 19 63
31 16 52
31 15 54
28 27 62
28 32 47
39 5 41
40 3 20
40 1 23
42 0 7
41 0 12
43 0 3
44 0 2
