32 109 15
29 22 70
33 93 20
31 89 24
33 88 23
33 90 21
32 91 21
33 89 22
32 89 23
31 98 23
31 32 33
28 33 50
46 21 1
29 28 59
29 107 27
33 32 30
47 19 1
29 33 46
34 90 19
29 109 23
44 24 7
29 30 53
45 27 1
30 89 27
43 29 1
29 89 28
42 36 1
42 34 3
41 36 3
33 45 25
32 20 48
31 45 26
46 4 5
43 27 3
44 25 3
30 28 52
45 22 3
36 32 21
35 28 36
39 32 16
36 20 36
36 29 35
37 27 32
36 31 32
37 32 17
31 20 52
38 26 32
31 22 48
34 47 20
31 31 46
36 45 17
35 47 16
31 30 47
30 32 41
45 11 12
30 37 35
43 13 13
30 47 28
30 21 64
43 11 14
41 12 19
35 33 26
30 34 40
37 45 14
38 45 13
39 45 12
44 11 13
42 12 15
35 45 18
39 44 15
37 31 30
37 30 31
40 32 14
30 27 54
30 131 15
39 14 43
38 16 43
42 11 19
29 32 48
33 78 24
33 94 19
28 45 35
44 22 10
39 26 28
30 45 31
34 30 42
32 35 32
34 31 41
34 32 28
30 29 48
32 29 45
29 24 65
29 31 52
29 35 41
28 109 27
30 35 38
28 131 23
29 131 19
28 35 48
33 109 14
31 111 18
30 109 19
33 26 43
30 91 25
34 20 43
32 131 11
32 44 31
29 43 37
35 26 42
37 14 48
39 67 1
38 63 2
39 49 2
40 42 11
37 77 2
36 78 5
37 76 3
41 40 1
38 72 1
40 49 1
42 2 20
43 2 17
40 1 26
48 0 0
43 0 18
40 0 27
44 0 16
41 0 22
41 0 26
37 78 1
27 131 27
47 1 4
27 131 27
27 131 27
27 45 48
