36 15 61
35 19 58
44 12 0
37 134 1
36 16 60
36 17 59
46 6 1
39 19 42
37 24 38
38 21 38
38 19 48
36 25 39
37 21 39
34 25 47
35 21 42
38 24 37
34 26 44
36 20 47
42 7 6
29 22 61
40 10 25
30 20 51
30 20 51
44 2 2
42 2 7
29 28 51
28 32 49
32 28 47
33 32 32
31 21 48
31 21 48
31 30 45
32 29 46
31 20 48
31 20 48
28 34 48
29 30 48
29 32 43
29 32 43
29 131 19
37 99 15
36 99 16
35 45 22
36 45 19
37 45 18
38 45 15
38 32 21
39 32 18
39 51 14
28 109 27
47 6 0
30 109 19
31 91 24
30 91 25
36 95 18
35 89 19
36 111 13
35 111 15
37 111 12
36 112 12
29 93 27
29 89 28
34 89 23
37 89 17
38 89 14
40 49 7
34 28 43
41 39 7
35 27 41
40 32 16
37 26 34
36 32 27
37 32 25
37 30 29
36 28 32
35 28 36
33 28 44
35 32 28
38 30 28
37 28 31
36 39 26
34 32 29
41 20 9
38 25 29
39 25 27
32 35 32
30 131 15
31 32 33
30 32 35
28 47 39
28 45 40
30 89 27
32 90 24
29 109 23
31 89 26
31 52 27
31 109 18
31 45 28
32 45 25
33 42 31
30 45 30
31 43 32
29 45 33
32 43 30
33 43 29
29 43 35
46 8 0
43 12 2
43 14 0
44 11 1
48 3 0
39 134 0
38 108 1
38 108 1
38 108 1
37 127 5
36 134 5
42 84 1
41 103 5
40 45 13
32 112 20
31 113 20
28 131 23
50 1 0
50 1 0
50 1 0
41 1 11
45 0 2
43 0 6
43 0 6
43 0 6
27 131 27
27 131 27
27 131 27
27 45 48
