39 0 35
30 25 51
31 124 11
32 22 30
32 21 32
32 20 33
39 1 32
32 23 29
38 4 39
38 3 43
35 15 31
37 15 23
34 19 30
39 13 23
30 23 58
38 16 19
39 3 25
37 17 21
36 14 26
36 16 25
39 15 18
36 18 21
40 3 16
37 13 32
32 15 42
34 17 31
35 17 28
33 19 34
33 17 37
38 14 22
30 28 35
37 14 24
31 21 34
30 27 37
39 14 19
38 15 21
29 28 47
37 6 48
29 27 48
36 6 49
35 14 34
34 14 36
36 10 37
37 11 34
36 12 33
31 15 53
35 16 30
36 9 45
37 9 41
33 13 55
32 16 39
28 29 48
28 31 46
30 22 59
30 24 52
35 11 40
34 10 54
33 15 40
37 7 44
38 6 30
31 20 46
38 7 27
39 6 24
35 10 41
34 15 32
35 8 63
37 10 36
40 0 24
30 84 23
41 0 19
35 18 27
32 31 26
30 34 31
30 26 49
30 31 34
34 32 15
38 21 15
35 32 14
37 26 16
36 21 17
38 19 18
35 30 17
37 18 20
35 21 21
35 24 19
39 18 16
35 22 20
38 20 17
36 20 19
37 20 18
31 31 31
35 37 13
31 28 32
36 28 16
39 16 17
34 30 19
33 20 22
32 30 28
33 32 18
33 86 12
32 86 15
33 87 11
33 45 14
34 40 13
32 103 11
32 45 18
32 84 17
31 84 19
32 32 22
36 42 0
29 33 42
29 34 35
29 84 27
32 124 10
31 103 15
31 45 22
31 32 26
34 125 9
30 103 19
30 124 15
28 124 23
29 45 33
28 45 41
29 103 23
29 124 19
28 103 27
28 103 27
28 103 27
42 3 10
41 3 13
43 1 9
35 42 7
36 40 2
35 40 8
39 28 1
41 20 1
39 22 6
40 21 3
41 16 2
40 19 6
39 20 7
40 16 7
38 32 0
41 15 3
38 24 6
37 34 0
36 34 4
36 35 3
37 27 9
37 29 8
43 11 6
36 32 5
35 43 6
40 22 2
39 24 2
39 31 0
38 30 2
37 32 2
34 45 11
35 38 10
34 87 10
45 9 0
46 8 1
44 10 1
44 11 0
47 6 0
42 13 2
43 12 3
48 5 0
47 5 1
45 5 3
38 31 1
43 15 0
42 17 0
41 22 0
40 24 0
44 7 6
33 103 10
40 15 12
44 4 7
43 6 7
42 4 8
43 3 8
41 10 12
30 32 33
30 45 26
43 0 12
44 0 8
42 0 13
45 0 4
49 0 0
46 0 3
48 0 1
27 124 27
47 0 2
27 45 48
