40 22 0
39 54 0
34 105 21
33 44 43
43 14 0
45 11 4
32 103 24
38 54 4
39 50 4
44 12 1
30 45 43
34 123 13
43 13 1
31 44 44
36 120 10
34 103 22
34 44 41
35 120 13
35 44 38
36 103 11
39 49 5
32 106 19
34 106 18
37 45 19
35 103 14
35 45 20
41 21 0
36 102 19
42 9 10
42 15 0
29 104 28
37 44 34
36 44 35
33 45 29
34 45 25
47 12 0
33 104 22
31 106 24
42 14 6
31 45 35
46 0 8
43 6 9
29 45 44
39 22 7
30 118 27
47 0 5
37 55 0
38 0 16
45 1 6
38 0 16
39 2 12
41 2 11
44 0 9
39 0 14
41 0 13
42 0 12
47 1 3
46 1 4
27 124 27
48 0 0
27 124 27
29 123 27
29 124 26
27 45 48
