38 0 25
37 0 30
35 1 33
44 0 0
44 0 0
44 0 0
44 0 0
32 20 33
33 29 17
40 29 0
36 1 28
38 29 6
34 29 13
32 30 18
35 29 9
33 30 15
32 29 20
31 30 24
34 19 24
36 28 9
33 21 25
39 30 2
33 18 30
39 29 4
33 20 26
35 28 13
35 20 19
34 20 22
36 24 16
36 35 6
35 17 29
35 26 14
35 18 22
36 15 26
38 5 16
38 4 18
38 25 7
30 27 27
37 25 9
39 25 5
34 18 27
36 18 19
36 21 17
32 19 35
37 18 14
38 18 12
36 19 18
37 33 5
36 32 8
37 32 6
36 33 7
37 15 22
36 17 23
37 17 20
29 33 28
40 4 2
38 30 3
33 25 19
32 24 32
40 1 10
29 25 32
39 3 14
38 35 0
39 5 10
39 6 8
39 12 6
39 7 7
28 35 32
40 5 1
31 24 38
34 33 10
40 2 9
33 33 13
37 24 13
37 29 8
35 25 15
36 25 13
34 25 17
36 27 11
38 24 10
32 34 16
31 34 19
32 26 21
30 34 22
40 3 5
32 25 22
30 26 28
29 34 26
41 3 1
28 34 33
32 18 40
34 17 41
32 33 17
28 33 34
41 4 0
31 25 26
31 26 25
37 53 0
36 53 2
39 1 16
37 35 2
30 33 25
31 33 21
41 1 5
35 53 7
34 72 6
38 1 21
37 1 25
35 72 2
42 1 1
44 0 0
44 0 0
44 0 0
41 0 13
44 0 0
40 0 17
44 0 0
36 72 0
44 0 0
44 0 0
44 0 0
44 0 0
39 0 21
43 1 0
43 0 1
42 0 5
27 110 43
27 33 47
