233 7 737
129 81 731
94 208 768
97 199 769
128 85 730
98 207 766
96 201 768
95 211 767
130 79 730
128 86 729
213 10 748
121 241 746
127 88 728
121 237 747
125 224 744
125 215 745
124 222 745
124 225 744
130 80 728
126 223 743
120 235 748
128 87 727
103 196 764
103 179 772
69 314 776
213 7 749
102 205 762
110 277 754
111 300 752
111 275 753
117 286 748
115 332 748
132 75 729
99 208 764
119 246 748
118 249 748
119 298 745
103 174 775
104 173 775
106 177 773
104 167 776
106 170 775
136 69 728
122 218 747
121 259 745
118 263 747
120 244 747
120 246 746
123 217 746
122 264 744
123 250 744
123 267 743
126 237 742
122 237 745
118 298 746
120 302 744
119 285 746
120 287 745
117 318 746
116 297 747
133 73 728
135 70 728
214 5 748
71 319 774
214 4 748
69 336 775
70 335 774
216 4 745
133 71 729
68 330 777
70 312 775
217 9 743
222 6 740
221 7 740
219 8 741
218 6 743
221 4 742
219 7 742
220 5 742
221 5 741
215 7 745
219 4 743
217 6 744
216 9 744
224 6 738
223 6 739
222 7 739
220 6 741
221 12 739
235 7 736
232 13 737
244 7 727
246 6 724
245 7 724
64 347 781
132 76 728
108 317 754
109 318 753
119 328 743
121 346 741
125 342 738
119 321 744
120 318 743
122 296 742
121 291 744
113 266 751
114 265 751
115 262 750
115 263 749
124 282 740
125 285 739
125 272 740
124 246 743
124 252 742
125 266 741
126 310 738
126 259 739
123 302 741
124 275 741
125 247 742
126 248 740
123 276 742
121 301 743
123 322 740
124 314 739
112 249 752
122 271 743
113 246 752
117 241 749
117 346 745
65 339 779
66 324 779
65 326 781
110 311 753
100 207 764
67 335 777
113 305 750
78 299 771
121 328 742
112 305 751
76 314 772
114 296 750
119 369 742
128 88 726
129 85 725
130 81 725
66 267 780
67 228 780
66 223 782
132 78 725
110 187 771
112 191 759
112 190 761
110 192 761
112 192 758
109 193 761
113 188 758
115 193 757
111 193 758
108 195 760
110 193 759
107 198 761
109 196 758
113 199 756
112 202 756
108 219 756
110 206 756
109 207 756
106 207 759
109 223 755
112 209 755
111 217 755
113 214 754
105 216 759
107 234 756
111 204 756
105 210 760
111 230 754
112 220 754
113 230 753
112 236 753
114 236 752
114 201 754
116 226 751
116 233 750
118 232 749
117 225 751
115 232 751
119 226 749
121 229 748
94 236 765
99 256 761
100 237 761
95 237 763
96 233 763
92 253 766
131 76 730
104 224 759
103 208 761
106 204 760
108 203 759
106 227 757
105 258 757
95 224 765
94 223 766
98 215 764
97 219 764
94 217 767
99 217 763
101 224 761
98 220 763
97 226 763
100 213 763
96 225 764
95 207 768
95 215 766
97 209 765
96 221 765
99 224 762
100 219 762
107 204 759
105 226 758
109 203 757
103 227 760
104 217 760
129 91 724
127 120 726
67 325 778
128 92 725
115 177 771
115 186 769
114 183 770
113 186 770
115 181 770
108 190 765
120 185 764
107 219 757
110 201 757
108 213 757
111 196 757
108 205 758
106 215 758
107 212 758
115 215 753
117 207 753
116 213 753
64 348 780
130 86 724
129 83 729
114 222 753
115 217 752
117 211 752
119 213 751
118 222 750
119 216 750
118 215 751
124 206 749
120 210 749
123 211 748
124 205 750
124 209 748
123 206 751
125 202 751
122 207 750
121 207 752
121 208 751
120 208 752
120 205 753
114 168 775
115 165 774
113 175 773
114 174 773
117 172 773
114 161 777
113 166 779
118 170 772
119 167 771
118 174 771
117 174 772
118 179 769
118 186 768
117 175 771
115 176 772
116 177 770
117 176 770
112 186 771
117 182 769
116 183 769
126 181 765
126 172 767
122 176 769
125 174 767
123 180 768
121 183 768
124 176 766
124 171 770
123 174 770
125 171 768
126 186 762
126 212 746
124 215 746
124 214 747
125 213 746
125 208 747
123 208 749
125 158 778
123 157 781
102 217 761
101 211 762
106 197 762
104 192 763
102 197 765
100 201 766
105 199 761
104 204 761
101 206 764
98 206 767
101 201 765
102 199 764
101 209 763
103 200 762
131 83 724
133 75 725
70 206 784
70 207 783
69 210 783
68 235 778
66 236 781
69 236 777
71 223 776
70 240 776
67 225 781
69 224 778
81 240 770
82 250 769
85 233 768
82 237 770
84 219 770
84 242 768
84 221 769
77 242 772
83 234 769
87 238 767
73 234 774
75 234 773
73 225 775
74 228 774
76 213 773
75 210 774
74 214 775
78 219 772
86 221 768
86 219 769
68 220 781
72 213 776
68 225 780
69 211 779
83 224 770
68 219 782
73 210 776
74 205 776
67 218 783
67 239 779
70 215 777
73 209 777
71 201 778
72 210 777
68 229 779
71 214 777
73 199 781
87 184 785
91 173 779
91 168 780
88 181 778
86 186 781
90 172 780
91 178 777
87 213 769
93 175 778
94 175 776
93 176 776
90 185 776
91 190 774
90 186 775
92 183 775
92 189 774
93 202 770
92 191 773
93 181 775
88 186 776
94 185 773
93 188 773
93 196 772
96 190 771
93 201 771
96 174 777
91 199 772
93 187 774
95 198 770
95 177 774
94 188 772
95 181 773
91 198 773
96 197 770
91 177 778
90 184 777
89 185 777
94 180 775
92 180 776
89 176 779
90 179 778
87 216 768
76 192 778
79 218 771
80 210 771
84 208 771
76 189 781
77 191 779
75 194 780
78 192 777
75 197 778
80 198 775
79 200 774
78 207 773
87 190 776
85 187 779
86 193 776
88 192 775
90 174 779
80 199 773
88 193 774
74 201 777
76 202 775
77 211 773
75 202 776
77 196 776
79 215 772
87 203 770
85 210 770
88 220 767
80 208 772
76 198 776
76 204 774
77 201 774
74 200 779
75 207 775
81 209 771
86 202 771
88 215 768
89 210 768
88 204 769
134 73 725
141 64 724
142 63 724
140 65 725
136 68 729
137 68 726
140 63 726
139 65 728
136 70 725
131 80 725
132 80 724
133 77 724
136 71 724
135 72 724
131 77 727
138 67 724
135 71 725
134 76 724
134 72 727
139 66 724
137 69 724
160 61 729
161 60 728
65 335 780
63 376 782
66 334 778
64 234 784
65 229 783
65 244 782
65 228 784
64 242 783
93 228 766
221 0 743
217 2 746
219 0 745
222 0 742
217 0 748
218 1 746
218 2 744
220 1 744
222 3 741
230 0 739
228 0 741
223 2 740
215 2 749
247 0 728
227 1 741
228 1 740
249 1 724
216 3 748
248 0 726
247 1 726
246 2 726
245 3 726
229 0 740
245 2 729
246 3 725
234 0 737
250 0 724
248 2 724
232 0 738
247 2 725
63 237 786
63 238 785
