215 71 735
214 86 735
233 53 730
222 64 733
220 66 732
230 58 731
218 71 732
217 66 733
221 65 733
223 78 730
224 77 730
220 74 731
228 59 733
221 68 731
222 66 731
213 88 735
215 86 734
237 68 728
203 81 783
207 80 777
205 82 779
206 72 781
207 70 779
206 73 780
207 78 778
205 80 780
206 79 779
206 81 776
211 76 776
212 75 775
211 80 775
142 94 725
212 81 774
238 49 730
239 49 729
242 45 730
243 44 730
242 47 729
241 48 729
239 63 728
240 47 730
241 46 730
238 50 729
140 101 725
142 96 724
246 15 728
244 22 728
245 16 728
244 20 729
246 20 727
144 91 724
143 92 724
236 18 743
146 89 724
237 0 743
232 1 746
231 2 746
233 1 744
140 102 724
233 0 746
145 90 724
235 0 744
244 71 727
243 78 727
241 53 728
243 51 728
234 52 731
237 50 733
245 54 727
235 55 729
139 103 725
233 56 729
235 72 728
233 74 728
235 51 730
141 98 724
65 368 781
64 399 781
216 85 734
208 84 774
209 80 776
203 84 782
202 87 785
203 88 780
211 83 774
210 65 785
211 74 777
214 71 776
214 81 773
216 62 777
214 79 774
215 67 777
214 62 778
212 73 777
210 82 775
207 84 775
205 84 777
208 77 778
206 70 782
208 68 781
204 82 781
205 74 782
206 80 778
204 83 778
204 80 782
209 69 780
212 62 779
211 69 779
211 64 781
210 74 778
210 66 782
212 63 778
209 67 782
211 67 780
211 73 778
209 76 777
216 60 780
215 61 778
214 74 775
213 74 776
213 80 774
213 70 777
214 61 781
225 57 779
226 56 778
226 60 777
226 50 779
247 0 724
65 369 779
63 434 782
64 402 780
63 238 785
66 366 780
66 376 778
64 236 783
67 226 783
67 222 785
66 228 782
64 229 784
65 227 784
65 225 785
66 224 784
65 230 782
65 383 778
225 61 732
226 76 730
226 61 731
224 63 731
227 67 730
224 62 733
223 62 734
223 65 732
232 82 729
231 66 730
214 85 736
231 55 732
232 56 731
210 75 777
229 60 732
237 53 729
231 1 747
243 4 742
246 6 729
229 3 749
246 31 726
228 0 750
230 0 748
232 0 747
242 7 742
72 230 781
70 222 783
70 220 785
71 217 784
70 223 782
69 221 784
69 225 783
107 254 772
107 255 770
75 410 776
77 370 776
78 371 774
78 378 773
79 348 773
80 334 771
81 322 770
82 317 771
83 316 772
99 276 761
100 275 762
100 301 760
101 273 761
101 274 760
119 234 751
104 271 759
96 276 764
95 265 767
97 263 767
96 264 767
96 266 766
97 265 766
118 219 752
86 286 768
87 284 768
87 285 767
88 282 767
90 281 766
92 285 764
84 298 769
98 309 761
92 326 763
91 298 764
95 301 762
85 284 770
97 297 762
104 314 757
114 238 754
103 298 758
88 297 766
92 279 767
92 278 769
91 280 769
101 337 759
89 286 765
87 322 766
102 312 759
93 308 763
90 284 765
94 282 763
116 219 754
116 221 753
100 341 759
115 241 753
83 320 770
115 227 754
75 228 781
73 237 779
76 227 781
74 232 779
72 241 780
73 213 785
79 237 778
72 220 783
106 269 757
108 258 755
71 231 781
107 256 756
70 232 781
109 227 755
108 227 756
80 234 778
73 215 784
72 222 782
73 218 783
78 227 780
73 220 782
78 240 778
105 300 757
78 368 775
85 286 769
107 313 755
105 343 756
106 300 756
84 296 770
85 287 768
86 283 770
79 358 772
77 374 774
75 373 777
74 375 777
68 421 777
76 373 776
76 370 777
76 375 775
112 243 753
110 244 754
111 245 753
111 239 754
112 214 755
122 221 749
125 200 754
121 209 750
119 218 752
123 221 748
125 215 748
127 214 747
127 212 748
129 224 743
127 226 744
131 213 744
131 215 743
131 224 742
132 243 741
125 231 747
132 222 742
130 217 743
133 219 741
133 211 742
134 215 741
127 218 746
128 218 744
126 219 747
126 220 746
130 216 744
128 210 745
127 219 745
135 208 741
135 216 740
136 218 739
136 212 740
136 221 738
138 136 724
137 129 725
139 109 724
138 126 725
132 211 744
120 219 750
122 206 751
120 217 751
122 208 750
132 201 745
120 214 752
123 204 751
133 203 743
134 198 745
126 199 754
127 199 753
125 202 753
126 200 752
128 198 752
126 201 751
124 203 755
123 216 749
110 215 755
103 294 759
105 270 758
232 0 749
232 0 749
232 0 749
232 0 749
232 0 749
232 0 749
232 0 749
232 0 749
232 0 749
232 0 749
232 0 749
232 0 749
232 0 749
232 0 749
232 0 749
232 0 749
232 0 749
232 0 749
232 0 749
232 0 749
63 237 786
