40 4 36
41 9 25
41 12 22
41 4 27
40 6 27
31 29 42
46 5 1
43 19 7
41 20 3
41 21 2
39 24 8
43 16 9
38 18 9
40 24 5
40 23 7
31 28 47
44 4 6
42 14 14
41 14 15
44 11 2
37 19 11
39 25 7
44 1 9
37 25 9
44 9 3
30 29 45
47 2 1
32 27 39
32 22 43
44 8 4
40 18 8
32 28 36
40 14 23
38 16 12
43 11 11
43 10 12
36 15 17
37 16 13
34 17 26
36 16 15
36 17 13
34 20 23
34 18 24
35 16 19
35 17 17
32 21 44
45 21 1
44 24 1
45 2 2
46 1 2
33 20 32
40 2 40
39 13 43
40 1 42
49 3 0
41 1 33
50 2 0
41 0 35
45 0 9
40 0 45
45 0 9
45 0 9
45 0 9
42 0 21
42 0 22
43 0 13
43 0 13
49 0 1
47 0 2
46 0 5
48 1 1
27 140 31
40 89 0
40 89 0
41 65 0
38 45 3
31 35 22
31 31 37
39 45 2
35 35 10
36 36 8
30 34 27
38 30 8
36 35 9
32 31 31
36 34 12
33 32 21
34 34 13
34 32 18
32 35 19
33 34 16
33 33 20
34 33 16
34 35 12
33 35 15
35 36 9
33 28 26
38 34 7
34 31 20
39 37 4
31 32 30
30 32 35
37 35 8
32 29 35
31 30 40
34 28 21
39 33 6
37 36 5
35 33 13
38 35 6
29 35 35
40 45 1
41 33 1
40 33 2
28 45 43
32 32 26
32 34 20
31 34 26
52 0 0
27 140 31
29 121 27
29 117 30
27 139 36
28 117 31
27 45 48
