335 368 319
198 445 285
196 446 280
254 445 265
248 440 291
246 443 291
246 444 288
247 441 291
248 442 289
247 439 292
250 445 280
250 444 285
250 441 288
255 420 318
250 438 292
251 436 283
251 433 299
253 432 290
252 429 293
256 431 283
255 437 278
255 423 292
253 439 281
254 426 285
254 424 287
256 436 282
258 423 280
257 421 290
256 421 295
257 419 295
257 432 282
259 415 288
258 417 288
262 411 304
263 411 301
262 412 297
265 410 301
264 410 302
264 434 278
261 421 284
262 420 283
263 433 279
259 412 325
263 408 328
278 409 305
279 408 297
277 409 307
281 398 308
279 410 295
281 399 307
278 406 318
279 403 307
279 401 305
282 399 306
283 403 302
280 404 304
281 406 303
278 407 306
280 400 307
282 395 307
272 407 331
274 408 327
273 406 328
271 409 326
303 394 319
305 386 326
305 372 339
315 369 330
315 374 325
314 373 328
315 379 323
313 371 331
318 375 323
315 372 327
317 373 325
319 374 324
315 381 321
317 375 324
312 374 327
326 375 317
337 377 314
332 369 317
140 499 204
138 494 207
140 493 208
137 498 208
136 499 208
139 491 210
138 493 211
141 490 213
164 451 235
166 452 234
163 451 236
166 447 236
164 453 234
165 449 236
142 524 194
143 541 187
134 489 217
695 64 136
377 300 374
681 67 162
582 245 10
413 260 501
397 276 453
394 278 432
579 244 15
393 279 433
396 277 459
578 245 15
695 57 139
375 301 372
375 297 383
406 264 464
406 263 482
407 262 470
378 302 364
408 266 463
572 272 10
374 298 384
376 300 375
377 301 368
373 298 385
369 299 376
369 305 365
367 303 379
367 306 368
372 305 362
368 302 387
377 295 376
379 293 385
376 293 389
377 294 386
378 292 387
376 296 384
381 300 369
379 290 389
377 293 387
376 292 390
378 294 380
374 295 388
376 294 388
381 287 390
374 294 390
378 291 389
389 299 369
387 297 373
389 292 384
387 292 386
391 282 414
390 280 427
388 285 411
386 286 416
387 284 416
389 283 414
387 285 415
389 284 413
389 281 415
388 282 417
389 285 408
338 336 356
342 330 357
340 334 351
341 334 350
342 334 347
341 333 352
423 74 372
427 76 363
341 331 357
341 335 343
343 328 356
453 181 341
424 73 373
452 181 342
339 332 355
425 72 364
455 176 348
343 335 342
425 70 369
453 182 338
344 337 340
424 70 374
339 334 352
424 74 371
410 273 457
340 335 349
422 72 377
343 331 355
342 328 362
344 330 353
342 326 364
451 178 354
344 326 363
344 327 362
343 324 364
453 176 349
451 183 348
450 199 352
453 173 351
451 182 350
453 180 345
452 177 348
454 169 354
452 175 351
451 180 351
345 332 352
454 170 351
345 329 354
341 329 364
346 325 363
348 326 353
347 326 356
347 327 353
347 323 361
347 325 360
348 324 360
346 326 361
350 327 350
349 328 348
349 325 357
350 316 370
348 319 368
347 322 364
350 318 366
350 322 355
351 317 368
349 320 366
351 321 356
353 315 370
349 317 371
351 319 361
349 321 361
347 321 366
355 327 349
354 316 365
353 316 368
355 324 354
353 320 357
353 321 355
355 313 366
355 315 365
356 316 360
357 316 359
357 312 367
356 312 370
358 322 351
355 316 364
353 317 362
356 313 363
356 317 355
363 315 357
363 320 347
363 319 350
365 319 348
363 317 353
361 307 375
363 308 365
359 310 376
362 306 373
363 311 361
362 308 370
362 309 366
365 312 360
363 310 363
362 311 362
360 311 369
360 309 371
365 304 376
362 310 364
364 305 373
364 310 362
363 307 368
372 332 346
376 331 344
373 331 346
367 309 360
370 307 358
368 306 366
369 309 354
369 308 357
368 307 365
367 307 366
369 306 363
369 303 366
371 307 355
366 308 362
369 307 361
371 305 363
369 302 367
408 261 483
405 264 484
406 262 483
409 272 462
411 272 459
411 260 505
580 242 15
335 332 358
576 254 19
572 271 11
571 274 10
577 245 19
578 243 16
577 248 15
305 366 346
307 363 353
305 365 352
315 366 333
317 363 334
315 363 335
317 362 335
314 367 335
321 352 330
323 348 330
324 347 330
323 350 329
324 349 329
323 352 328
320 354 332
323 352 322
324 345 331
322 351 331
321 359 325
322 353 326
323 344 332
323 354 320
321 353 329
325 351 328
327 340 339
330 351 326
327 342 338
333 338 343
333 339 341
334 341 333
334 344 330
412 260 504
305 364 354
579 214 335
672 169 349
671 168 354
672 170 345
671 176 346
670 170 348
682 60 154
682 61 152
683 63 148
683 60 149
672 197 268
685 62 144
684 60 148
672 205 208
688 72 139
689 67 139
672 207 206
685 56 157
683 57 164
679 84 167
671 213 207
672 206 207
672 208 205
679 108 154
679 102 156
679 98 157
680 98 153
683 73 146
684 65 144
684 63 146
684 110 143
678 121 159
678 114 164
677 112 175
677 119 173
681 69 156
680 69 155
683 58 160
679 95 166
674 189 183
683 56 176
685 55 178
682 78 150
682 89 149
681 84 150
681 76 151
680 78 154
678 102 199
677 105 186
677 137 172
677 154 169
676 129 178
675 133 180
679 96 164
678 106 166
678 103 172
676 119 196
676 109 198
674 153 196
675 129 225
686 56 148
685 57 146
684 57 149
687 56 147
685 58 145
688 56 146
687 57 144
673 174 196
674 170 195
673 166 199
673 166 206
673 163 213
689 52 152
688 54 154
688 52 156
687 51 157
689 50 157
689 51 154
687 53 156
686 51 165
686 53 157
690 56 145
692 65 139
691 56 143
692 56 141
690 54 147
693 64 139
673 162 220
690 53 148
679 82 194
699 55 139
700 60 137
699 58 138
700 55 138
694 50 143
692 51 143
694 58 139
693 54 141
694 51 140
694 60 138
693 51 142
686 59 140
379 300 370
378 300 373
392 289 383
140 621 171
293 394 332
707 53 117
295 393 336
293 393 338
707 46 120
294 391 337
278 404 339
140 604 177
569 276 112
568 283 97
568 287 59
568 294 46
567 289 50
568 295 43
569 286 51
567 296 44
139 608 175
569 287 42
140 606 173
140 605 175
142 620 168
142 604 175
685 74 143
138 605 177
482 407 75
480 406 76
484 405 89
470 412 58
471 409 54
279 399 333
708 50 117
277 403 340
455 451 94
454 454 83
394 283 411
133 471 224
136 472 222
136 470 225
457 441 83
136 467 226
161 576 183
163 585 179
163 586 178
162 576 180
163 572 184
163 571 186
139 505 199
136 487 214
559 235 337
458 430 48
461 425 41
459 433 45
459 435 35
459 434 36
459 436 34
458 439 37
465 416 33
465 415 38
463 421 37
461 423 45
474 410 41
473 413 31
471 416 30
471 413 32
474 412 33
470 415 31
475 413 30
475 411 32
457 444 46
457 447 45
456 456 45
456 449 51
457 450 36
457 461 34
456 466 36
298 384 335
462 422 28
499 404 104
500 403 109
281 396 336
280 394 338
279 400 331
478 406 92
479 405 108
479 407 90
279 398 334
465 419 14
295 388 352
683 76 144
463 422 18
296 387 342
685 81 142
465 418 15
296 389 339
683 75 145
570 290 11
570 277 12
572 267 14
569 301 32
569 305 30
569 296 34
568 298 33
569 297 33
572 266 27
577 271 9
573 270 10
575 267 10
576 275 8
574 273 9
571 271 14
569 324 24
569 309 25
569 306 26
573 262 34
572 265 30
682 70 151
574 263 13
575 264 11
575 262 13
576 261 13
575 260 16
574 261 14
573 264 13
577 257 12
577 255 13
578 254 13
576 256 17
576 255 18
575 256 21
575 259 20
576 262 11
573 265 11
579 254 10
581 244 11
582 241 11
580 244 12
579 245 11
583 261 8
584 259 8
585 249 8
582 267 8
582 237 12
584 236 11
584 237 10
584 235 12
583 236 13
584 233 15
582 235 14
581 237 12
583 234 16
586 234 12
461 430 15
460 433 16
461 429 16
461 431 13
464 419 22
462 424 21
465 437 10
464 433 11
466 420 13
466 426 11
465 422 12
465 432 11
463 430 12
461 444 11
276 400 347
584 234 13
272 404 341
275 401 347
272 402 347
274 399 348
275 403 346
273 405 338
461 428 19
463 425 13
462 448 10
462 442 11
461 436 12
460 443 12
471 417 26
472 415 21
472 414 26
458 447 19
458 443 21
462 433 12
463 436 11
459 438 13
460 436 14
460 435 15
459 444 12
464 421 13
463 423 15
464 420 15
463 424 14
462 425 19
464 424 12
460 426 20
462 426 13
704 47 118
271 405 345
704 46 129
703 48 119
701 50 121
702 50 120
701 47 127
702 47 121
132 611 191
705 45 123
135 488 216
134 475 219
132 479 222
133 476 223
135 475 217
133 479 221
131 498 219
133 491 213
131 493 222
131 495 221
132 489 219
132 486 221
133 478 222
134 474 222
471 266 337
298 391 333
298 380 339
299 389 330
298 385 334
299 390 328
297 384 342
298 392 325
297 391 336
297 392 334
300 377 333
302 368 343
302 384 327
300 375 339
300 382 329
299 384 333
301 374 339
300 374 349
300 391 325
413 254 505
414 253 507
415 252 505
415 253 503
415 255 487
414 254 504
413 255 503
414 258 489
415 254 496
414 255 493
390 290 387
390 289 388
388 286 399
390 284 400
132 477 224
392 286 393
519 402 142
501 401 152
501 402 149
503 399 151
502 400 149
132 500 213
131 510 213
131 513 211
134 500 210
133 515 200
135 510 201
133 510 204
133 514 201
132 519 200
133 523 195
131 524 202
133 518 196
135 511 199
131 526 201
134 510 202
131 533 199
131 535 198
134 529 190
131 530 200
132 539 195
131 538 197
132 531 196
132 555 194
132 526 197
133 537 192
132 525 199
131 507 215
133 490 217
132 493 216
131 508 214
132 495 215
131 505 216
131 491 223
133 481 219
135 499 210
132 517 201
133 525 193
134 517 198
133 605 188
131 609 195
131 611 193
132 601 193
131 610 194
160 580 180
133 507 208
132 502 211
133 502 210
131 515 210
133 509 207
132 503 209
134 505 207
135 500 206
133 496 211
134 483 218
164 569 181
164 571 179
164 572 179
166 582 174
168 569 180
164 573 177
167 570 174
164 576 175
167 568 181
168 567 181
139 605 176
138 601 180
140 600 178
139 601 179
141 599 176
140 598 179
135 622 175
135 607 178
133 622 179
133 620 180
135 623 174
136 605 180
137 613 173
137 622 171
143 592 179
145 590 179
143 597 175
145 588 180
145 606 172
142 593 178
141 596 180
144 590 180
151 585 184
150 587 185
153 583 182
151 587 183
152 585 181
153 581 185
150 586 186
156 579 184
157 577 181
158 576 184
155 580 183
156 575 185
154 578 186
156 578 185
156 592 176
157 574 185
158 573 185
139 469 223
140 459 224
139 471 221
139 462 226
141 456 223
139 463 225
141 463 220
142 454 224
140 460 223
143 457 221
139 465 224
143 471 219
134 601 185
135 599 187
133 609 184
132 511 202
135 600 183
133 615 182
134 504 208
134 507 204
135 616 177
135 606 180
134 602 184
137 603 178
137 599 183
136 597 184
136 503 204
135 504 202
137 508 201
137 500 204
137 503 202
143 479 216
144 478 216
144 480 215
137 601 182
136 616 176
135 602 182
136 602 181
137 602 179
308 371 340
309 372 333
309 365 339
313 362 340
311 360 348
138 596 182
308 369 341
310 376 330
311 367 336
312 363 338
312 360 341
136 617 175
308 372 336
314 372 329
310 363 340
310 362 348
311 364 337
310 369 332
310 364 338
311 361 341
134 614 178
134 609 179
421 42 381
450 178 359
424 54 375
420 42 404
420 48 384
420 50 380
418 69 382
577 265 10
578 261 10
579 263 9
426 57 374
580 250 9
581 248 9
582 247 9
583 242 9
584 240 9
585 235 9
586 241 8
586 246 7
588 260 6
589 256 6
433 70 367
455 153 356
429 54 371
442 116 360
451 144 359
422 46 378
420 43 385
453 135 357
419 46 392
444 114 361
427 61 372
425 42 379
419 49 381
429 45 377
421 45 380
422 45 379
424 43 379
423 52 376
422 42 380
465 434 12
463 436 12
401 275 462
403 273 465
412 259 508
689 54 149
690 55 146
692 50 152
693 50 151
694 50 144
697 50 141
697 49 148
700 49 146
131 518 208
131 617 188
131 519 207
131 502 218
131 621 182
131 522 205
131 503 217
131 521 206
131 523 203
131 623 181
131 625 180
131 626 179
131 629 178
131 487 226
131 488 225
