168 10 756
172 3 748
173 12 743
173 11 744
175 1 746
171 12 746
177 2 743
175 3 744
169 23 746
175 2 745
171 19 744
171 16 745
170 13 746
168 21 747
175 13 741
169 16 747
173 13 742
167 24 747
172 12 744
172 13 743
169 15 748
168 18 748
168 25 746
174 3 745
172 4 747
172 8 746
170 9 747
173 7 745
172 9 745
173 2 746
180 4 738
173 2 746
178 15 739
177 11 740
181 3 737
179 21 738
178 6 740
179 5 740
177 8 741
172 2 749
177 1 745
178 1 744
179 7 739
181 1 739
180 2 739
182 2 738
169 5 751
173 1 749
171 2 750
177 0 746
170 3 749
169 6 750
169 7 749
168 12 752
182 4 736
186 6 733
185 7 733
183 18 735
187 4 732
184 18 734
183 33 734
180 38 737
181 42 735
187 5 731
189 4 730
182 30 735
185 26 732
185 4 734
186 9 731
188 4 731
180 48 736
184 3 735
190 6 729
188 9 730
181 32 736
192 5 729
163 38 756
164 33 756
165 22 754
166 22 751
166 24 750
165 21 755
168 16 749
167 20 749
167 17 750
168 12 750
168 11 753
166 15 752
167 12 753
166 14 754
170 20 745
175 7 743
176 8 742
174 8 744
174 9 743
172 1 751
175 0 749
170 4 748
171 5 747
178 0 745
193 7 728
179 1 742
165 28 753
164 37 754
164 29 757
193 1 735
191 2 734
202 0 730
190 0 739
191 0 737
193 0 736
192 1 736
198 0 732
189 0 740
200 1 731
180 0 742
199 2 731
201 1 730
183 1 738
207 0 728
187 2 735
203 0 729
202 1 729
205 1 728
207 3 727
208 1 727
196 1 733
201 0 731
187 3 734
194 0 734
183 2 736
190 3 730
188 3 732
187 0 741
64 397 779
64 396 780
64 393 782
63 433 781
233 0 725
234 0 724
131 75 724
232 1 724
103 401 761
79 197 769
75 191 773
79 198 768
77 307 766
66 326 776
68 303 774
79 313 764
70 254 773
72 236 771
70 260 772
98 388 762
65 362 778
115 321 748
119 339 747
122 308 743
65 371 777
65 360 779
65 357 783
65 358 782
67 316 775
69 215 780
69 288 773
70 243 774
69 208 782
68 265 779
70 234 775
69 290 772
69 213 781
71 232 773
71 231 774
68 268 775
69 206 784
70 294 771
69 251 774
69 220 779
70 226 778
67 295 776
68 209 782
67 291 777
67 212 782
68 216 780
67 220 781
65 223 784
69 242 776
69 244 775
68 266 776
71 291 770
73 293 769
71 200 778
73 195 779
70 201 779
70 199 781
68 199 785
72 198 777
72 212 772
70 196 782
76 190 777
66 217 785
74 186 778
67 206 785
69 198 785
74 185 781
71 263 771
73 207 772
72 189 782
73 229 770
77 183 781
76 224 767
74 220 768
78 226 765
78 223 766
79 213 766
80 216 765
81 220 764
82 218 764
81 212 766
77 202 767
80 222 763
73 183 782
74 199 769
75 203 768
71 190 782
72 190 781
120 328 742
71 191 780
71 234 772
66 220 784
73 219 771
72 242 770
99 403 761
103 403 759
105 359 758
107 359 757
109 352 756
111 353 754
112 344 753
114 348 752
113 350 750
117 340 747
115 343 747
116 341 745
121 351 741
122 337 740
124 316 739
127 313 738
66 223 783
64 226 784
128 76 724
63 237 786
63 239 784
