177 0 746
173 0 749
172 0 750
175 0 747
171 0 754
180 0 744
178 0 745
217 0 724
216 0 727
69 207 782
70 206 781
63 398 781
68 361 780
72 344 776
111 230 755
114 226 753
75 336 774
67 362 780
69 363 779
67 364 779
63 395 782
70 359 778
71 352 777
70 367 777
69 367 778
71 372 776
73 336 775
73 332 776
74 335 775
64 363 780
207 22 737
66 367 779
64 230 785
64 233 784
63 238 784
65 220 785
67 217 784
68 223 781
66 219 784
69 241 780
69 210 781
68 211 782
67 218 783
71 202 780
65 223 784
69 206 783
70 212 780
72 186 783
71 187 782
72 187 781
72 192 779
74 187 779
75 180 780
74 190 778
75 182 779
76 175 780
73 189 779
74 182 780
76 180 779
78 182 775
78 174 779
80 192 772
81 169 778
80 171 779
73 184 781
74 180 781
95 196 765
95 212 760
76 181 778
76 184 776
97 211 759
97 205 761
91 220 763
98 209 759
71 204 779
72 203 778
71 233 778
81 165 779
90 229 763
73 203 777
74 207 776
77 189 775
79 176 778
75 229 775
80 173 777
76 223 774
76 192 775
75 191 776
78 185 774
77 191 774
75 184 777
81 176 775
77 178 777
80 180 774
81 179 774
74 191 777
96 211 760
98 205 760
93 225 761
94 224 760
98 204 761
73 191 778
100 191 761
104 192 758
81 184 772
94 230 759
82 173 776
78 172 781
91 203 765
93 214 762
94 197 765
92 212 763
93 200 765
94 204 762
96 207 761
95 209 761
94 200 764
95 201 762
93 203 763
78 181 776
83 172 776
91 230 762
81 181 773
82 176 773
82 175 775
87 211 768
80 182 773
78 202 773
90 206 766
88 243 764
83 175 774
94 214 761
91 211 764
92 215 762
90 211 765
89 197 767
91 202 766
87 202 769
91 193 767
92 204 764
79 181 774
87 231 766
88 231 765
90 219 764
89 219 765
87 215 767
86 233 767
89 221 764
83 179 772
88 219 766
80 177 775
85 228 769
83 173 775
85 229 768
92 199 766
84 178 772
95 218 759
95 197 764
96 213 759
79 178 776
101 208 758
100 196 760
101 184 762
101 187 761
89 212 766
102 180 762
98 193 763
105 190 758
105 194 756
88 208 767
105 179 759
107 192 756
102 184 761
102 185 760
105 192 757
86 213 768
89 195 768
92 202 765
90 193 768
92 189 770
98 192 764
102 196 757
104 195 757
86 212 769
100 200 759
106 176 760
104 180 760
103 184 760
106 190 757
103 182 761
105 178 760
107 189 757
101 188 760
99 186 762
101 191 759
93 197 766
102 187 759
99 198 760
91 191 768
100 213 757
101 212 757
99 196 761
103 185 759
97 194 762
102 211 756
78 170 782
103 210 756
99 207 759
104 201 756
88 198 768
100 209 758
103 195 758
92 230 761
93 228 760
81 174 776
82 183 772
79 192 773
77 183 776
76 182 777
73 188 780
70 199 782
71 197 781
70 197 783
64 234 783
66 224 782
67 220 782
65 235 782
65 228 783
208 21 737
85 213 770
205 31 735
214 55 734
195 38 739
199 34 737
115 181 755
113 189 755
113 184 756
114 192 754
118 169 752
118 171 751
116 180 752
116 178 752
114 182 755
118 181 750
117 183 750
117 182 751
115 185 753
118 185 749
120 91 725
120 95 724
121 82 725
120 86 726
123 77 724
121 85 724
122 82 724
123 76 727
124 75 724
119 104 726
137 64 724
112 201 755
113 185 757
113 196 754
134 67 724
190 0 741
185 0 742
198 6 738
196 6 739
197 5 739
196 30 738
197 7 738
184 1 743
125 74 724
126 71 724
128 70 724
188 1 741
200 24 736
189 1 740
195 53 738
170 5 750
172 5 748
174 4 747
171 8 749
170 15 749
169 8 750
173 8 747
175 10 746
179 4 744
178 5 744
171 1 750
172 3 749
177 2 745
176 1 746
173 1 748
216 1 724
198 53 737
88 191 770
86 201 770
87 198 770
85 188 771
86 186 771
84 189 771
63 237 785
