31 15 33
35 15 13
34 10 21
37 10 5
39 10 0
40 5 5
39 8 5
39 9 1
30 43 21
29 20 47
38 14 1
37 5 18
29 44 25
30 26 29
37 27 0
35 27 5
40 7 3
29 27 33
32 13 28
28 32 47
30 29 26
35 6 21
36 6 17
32 38 13
33 25 17
33 26 13
30 27 27
37 24 3
33 13 24
32 11 30
32 12 29
32 14 27
31 11 46
35 26 6
32 10 31
34 38 5
31 12 43
36 38 0
36 20 6
29 26 44
35 38 2
31 10 47
36 27 1
31 14 41
31 26 21
34 25 13
34 26 9
33 38 9
34 6 27
32 17 26
37 7 13
38 7 10
35 20 10
37 6 14
31 16 32
35 40 1
33 6 42
39 5 9
33 15 21
41 8 0
38 26 0
34 20 14
32 20 22
34 5 47
30 20 33
30 38 22
33 20 18
34 14 18
40 8 1
36 26 5
28 38 43
35 14 14
37 26 1
38 8 9
31 38 17
32 26 17
36 5 23
29 29 32
28 45 33
30 32 25
34 15 17
29 38 28
31 20 26
33 14 22
33 10 28
28 40 34
35 5 30
29 43 26
40 9 0
36 10 9
35 10 17
38 10 2
38 9 5
38 6 13
37 9 9
38 5 14
39 7 7
30 109 19
42 6 0
32 109 11
31 109 15
28 109 27
29 109 23
35 4 33
36 4 27
41 1 5
36 1 28
41 5 1
42 1 3
43 3 0
39 1 12
40 1 8
38 1 16
42 3 1
37 1 21
35 1 45
45 1 0
43 1 1
46 0 1
44 0 7
45 0 3
41 0 31
42 0 22
43 0 14
27 131 27
47 0 0
27 131 27
27 45 48
