58 0 0
45 0 17
44 0 19
43 0 25
47 1 3
41 4 24
42 1 15
41 1 27
42 3 14
43 1 10
46 0 15
44 1 8
48 1 1
46 1 5
44 2 7
57 0 2
40 1 34
33 10 57
49 0 11
33 11 56
33 13 51
47 0 14
34 8 56
40 2 33
30 15 57
48 0 13
32 13 59
38 3 42
38 2 43
36 5 41
35 6 42
40 5 27
41 2 25
37 5 37
38 5 34
38 5 34
36 9 36
39 5 30
37 9 31
38 6 30
35 10 36
35 9 39
36 6 40
37 3 46
34 10 40
32 14 58
50 1 0
45 1 6
51 0 9
54 0 5
55 0 4
56 0 3
52 0 6
38 193 2
36 254 4
30 133 19
29 132 23
29 131 24
32 134 11
36 255 3
28 109 32
32 133 12
30 132 20
41 76 0
34 45 10
32 45 14
36 45 6
33 45 11
41 47 1
35 45 7
36 43 9
34 43 13
29 41 33
32 42 18
33 42 15
30 31 39
30 39 28
29 31 48
30 32 30
31 45 17
31 33 25
32 32 21
31 41 22
32 41 20
29 40 39
30 41 27
29 22 61
30 28 41
30 16 54
31 15 52
40 18 15
34 19 27
38 21 12
34 15 33
34 17 29
40 28 8
36 14 26
35 15 31
33 20 25
34 20 20
40 28 8
40 19 13
39 21 11
39 27 10
38 18 16
37 17 19
42 18 11
39 14 16
38 14 20
41 15 12
32 27 28
35 14 32
41 22 9
38 13 25
39 32 7
38 15 19
37 15 20
43 6 9
30 25 42
40 8 26
40 9 22
39 10 22
41 9 19
37 10 29
38 9 26
41 26 8
36 10 33
34 32 14
37 19 16
40 20 11
35 32 11
36 32 10
33 16 34
42 20 7
36 29 14
37 20 14
41 20 10
32 15 44
37 30 12
38 31 11
37 13 28
34 18 28
42 45 1
34 23 18
36 19 20
38 32 8
36 22 15
33 14 43
35 18 22
34 21 19
35 20 16
33 29 22
36 30 13
34 16 31
37 14 22
32 20 35
32 16 42
31 16 43
32 29 24
33 21 24
36 15 24
31 28 28
35 16 24
36 16 23
31 30 27
31 20 38
31 22 37
34 14 39
32 19 40
30 29 40
30 20 43
32 28 27
29 27 51
37 34 8
30 45 21
33 15 42
29 24 60
28 32 47
33 32 18
29 21 63
38 34 7
36 253 5
45 34 0
48 22 0
39 109 2
47 7 1
43 44 0
40 32 4
45 27 2
42 34 2
41 32 3
42 28 6
44 28 2
40 45 2
42 68 0
45 6 4
38 45 4
43 32 1
47 25 0
44 35 0
46 32 0
39 45 3
43 20 5
44 20 4
40 76 1
46 4 3
28 131 28
37 215 3
37 214 4
39 111 1
37 213 5
38 176 3
37 216 2
27 131 32
28 132 27
31 133 15
38 214 1
37 255 1
40 111 0
39 176 0
38 216 0
28 45 38
29 45 27
29 32 41
28 111 31
27 133 31
27 133 31
27 45 48
