40 30 44
35 39 42
34 132 21
35 45 37
31 134 23
38 135 10
37 112 18
37 31 45
34 134 18
38 36 30
32 127 28
35 132 17
37 132 11
35 112 25
38 113 13
39 30 45
43 29 30
36 124 16
34 39 44
38 31 43
36 123 17
44 28 37
37 39 39
36 45 34
42 28 38
39 38 25
36 39 40
42 29 34
33 134 21
35 134 14
33 114 29
33 112 34
35 114 24
35 31 46
41 30 30
43 30 29
37 30 46
31 114 31
37 42 36
31 112 35
38 38 28
39 31 36
29 112 39
32 132 27
32 40 44
37 46 29
38 46 27
29 47 44
61 2 5
56 3 6
58 3 5
30 132 29
61 0 7
31 45 45
51 2 15
30 134 26
46 1 23
60 0 14
59 1 10
57 2 10
47 1 20
59 2 8
60 1 9
58 2 9
57 1 11
54 3 13
52 1 15
52 3 14
54 11 9
55 6 12
51 7 14
40 31 11
53 7 13
49 6 15
45 30 7
49 4 17
45 26 10
54 9 10
32 45 42
29 45 46
55 1 14
33 45 38
51 0 16
33 47 36
49 0 18
36 48 26
37 48 22
34 47 27
45 0 26
32 32 46
31 48 40
55 13 0
50 21 0
51 19 0
58 8 0
60 5 0
39 47 0
46 25 0
59 7 0
57 10 2
56 11 1
56 12 0
41 31 0
58 7 4
27 134 31
62 0 0
27 134 31
27 134 31
27 134 31
27 134 31
29 134 27
34 116 26
27 45 48
