30 112 23
48 6 0
31 112 19
49 5 0
40 3 47
55 0 15
41 4 45
46 6 23
40 9 28
45 32 0
44 34 0
43 36 1
41 8 30
38 8 45
44 32 1
45 15 1
40 5 43
45 11 5
45 10 19
41 5 33
53 0 16
42 5 29
40 6 34
41 10 24
44 12 17
42 9 22
41 9 25
44 5 28
44 9 21
44 20 9
39 5 44
41 7 32
40 10 26
36 9 48
39 9 29
29 132 24
69 0 0
42 3 44
50 2 26
30 131 22
38 6 47
37 14 28
35 14 34
36 14 29
38 12 29
37 13 29
37 9 33
38 11 32
35 15 33
39 13 27
40 7 33
34 14 35
44 23 8
39 6 38
31 133 16
48 1 36
41 24 11
42 26 7
41 25 10
42 25 8
42 12 20
44 11 20
42 22 11
41 17 16
43 17 14
48 2 33
42 17 15
44 16 14
28 40 42
30 28 43
37 6 49
30 30 36
37 16 26
39 14 22
38 15 24
40 15 19
35 18 27
41 15 17
34 24 26
38 16 21
36 15 28
34 19 27
35 17 32
37 18 22
35 20 23
34 18 29
42 14 18
37 20 20
33 22 28
35 19 24
40 14 20
33 21 29
36 19 22
38 14 26
33 19 30
33 18 35
36 18 23
34 113 11
50 0 28
33 129 11
35 114 8
33 112 15
34 116 10
52 0 21
51 0 22
31 132 18
49 0 31
29 131 26
30 132 20
32 113 15
32 105 19
35 113 9
33 114 12
33 101 16
39 49 4
34 48 14
34 35 18
35 47 12
34 46 16
34 47 15
35 34 16
38 21 17
38 36 8
36 47 10
37 49 6
36 23 18
36 45 11
41 39 4
37 46 8
35 48 11
37 48 7
36 48 9
36 49 8
39 48 5
38 48 6
40 38 5
33 43 19
34 43 17
34 31 22
35 35 15
34 33 19
39 32 8
33 33 20
40 20 12
36 37 12
36 35 13
38 32 11
35 25 19
37 45 10
36 33 15
33 46 18
38 35 9
37 35 11
38 33 10
39 35 6
35 32 18
36 32 16
35 23 21
43 20 10
36 34 14
39 25 11
34 32 21
38 45 7
41 27 9
38 22 13
39 18 17
37 32 12
38 55 4
37 22 16
35 45 13
37 21 19
36 22 20
28 43 36
29 42 36
28 45 35
28 41 37
29 43 33
32 134 11
28 133 27
31 20 45
30 32 33
34 134 7
42 54 0
41 65 0
31 45 24
30 43 31
36 133 6
37 133 5
33 135 8
36 116 7
35 129 7
27 133 32
28 113 31
31 134 15
34 30 23
43 14 15
36 12 47
46 9 10
28 30 49
28 35 47
28 28 52
28 48 33
28 29 51
28 32 48
30 21 48
29 32 46
29 58 27
29 33 38
31 22 37
33 15 44
30 46 26
30 19 49
31 17 49
30 45 27
31 46 23
29 45 31
29 46 29
32 45 20
32 33 24
29 48 28
33 32 23
28 46 34
31 54 22
30 58 24
32 20 34
29 29 48
50 3 4
49 3 9
67 0 4
43 42 0
57 0 13
58 0 9
27 42 47
29 27 49
46 12 0
47 7 6
46 10 1
47 9 0
61 0 7
29 31 47
33 14 49
31 16 53
65 0 6
29 133 23
54 1 0
51 4 0
51 3 2
52 3 0
32 30 31
31 30 35
33 30 27
53 1 1
32 21 33
56 0 14
31 21 38
52 2 4
32 18 44
68 0 3
47 6 8
47 8 3
31 31 34
31 32 29
31 33 27
27 40 48
32 32 26
66 0 5
28 112 32
30 134 19
35 9 49
34 11 54
28 132 28
30 18 66
32 15 54
27 134 31
75 0 0
27 134 31
