55 159 0
105 94 0
114 80 0
106 91 0
113 81 0
115 78 0
108 88 0
112 84 0
110 86 0
107 90 0
54 160 0
91 118 0
86 124 0
88 121 0
94 110 0
103 101 0
97 107 0
96 108 0
102 102 0
99 105 0
101 103 0
104 98 0
100 104 0
92 115 0
85 125 0
59 149 0
57 152 0
61 146 0
58 150 0
62 145 0
60 147 0
63 143 0
76 131 0
77 130 0
81 126 0
75 133 0
79 129 0
80 127 0
66 141 0
67 139 0
64 142 0
69 137 0
72 135 0
73 134 0
67 138 0
56 154 0
168 56 0
167 59 0
200 24 0
173 37 0
171 39 0
170 41 0
169 43 0
174 35 0
195 25 0
176 33 0
175 34 0
177 33 0
181 28 0
179 29 0
187 26 0
131 70 0
129 71 0
127 72 0
117 77 0
120 74 0
125 73 0
133 69 0
137 67 0
119 76 0
136 68 0
53 163 0
183 27 0
