182 0 747
181 1 748
183 1 745
184 12 743
183 6 744
183 13 743
179 4 747
182 16 744
180 3 747
181 6 745
180 6 746
184 0 745
185 11 742
202 0 737
182 3 745
184 2 744
210 12 732
200 1 738
185 2 743
187 1 742
206 3 735
186 3 742
188 20 740
181 0 750
192 0 739
190 0 740
189 0 741
208 2 734
201 17 736
207 1 735
187 2 741
200 6 737
202 16 736
191 1 739
202 19 735
207 7 734
201 1 737
204 4 735
203 16 735
188 1 741
203 1 736
210 3 733
189 3 740
193 2 738
212 3 732
182 1 746
185 0 744
181 2 746
211 5 732
224 14 725
222 10 730
208 0 735
207 0 736
225 7 724
227 1 724
226 2 724
228 0 724
228 0 724
227 0 725
225 6 725
218 7 731
217 8 731
180 2 751
209 9 733
208 11 733
74 371 772
70 211 785
73 390 772
75 348 772
74 327 773
75 326 773
70 387 774
72 371 773
71 376 773
70 391 773
75 319 774
81 386 769
69 215 785
81 356 770
101 260 759
79 388 770
100 268 758
100 267 759
103 274 757
102 280 757
100 236 760
79 363 771
68 331 777
112 271 748
99 248 760
80 385 770
103 250 758
102 234 760
113 273 747
111 277 750
105 250 756
106 250 755
105 238 757
104 259 756
115 259 746
104 247 757
78 337 772
95 279 763
99 303 759
89 269 767
85 272 770
87 269 769
88 270 768
88 260 770
88 266 769
90 266 767
89 259 768
87 298 768
90 295 765
84 300 772
88 296 767
89 253 771
85 226 774
88 226 772
86 220 774
87 227 772
85 227 773
86 228 772
90 226 771
87 221 773
88 219 773
80 225 775
84 229 773
78 221 777
81 233 773
79 221 776
81 230 774
79 231 775
78 224 776
80 232 774
77 229 777
81 172 785
85 181 781
89 187 777
95 202 766
92 185 776
86 300 769
89 299 766
98 298 760
89 255 769
86 341 768
95 280 762
104 316 755
76 211 780
75 203 781
77 189 783
80 208 777
77 200 780
76 201 781
78 190 782
80 179 783
88 180 781
88 181 779
88 185 778
91 192 775
91 184 777
90 187 776
92 189 775
89 179 778
79 191 780
79 185 781
88 189 777
80 196 779
84 210 775
83 186 780
83 187 779
84 186 779
86 197 776
86 191 777
88 177 784
88 193 776
86 186 778
87 184 779
89 188 776
88 197 775
84 183 780
82 195 777
81 188 778
78 194 780
79 202 778
80 199 778
81 201 777
81 206 776
80 189 780
82 199 776
80 182 781
85 204 775
76 192 783
78 202 779
77 191 781
79 199 779
74 200 783
67 340 777
91 254 766
75 198 782
93 255 765
66 345 779
92 237 769
93 221 767
90 289 766
95 223 765
94 225 764
108 276 751
89 305 765
91 270 765
106 266 754
72 206 783
96 250 762
76 314 775
78 309 774
78 311 773
96 213 764
97 219 763
99 207 763
79 336 772
98 209 762
97 196 764
91 240 768
92 241 767
93 239 766
101 226 761
77 314 774
97 263 761
102 223 761
104 225 760
109 247 752
109 222 754
103 214 761
93 332 763
108 246 753
110 247 751
108 234 754
92 292 764
93 288 764
94 298 763
110 230 752
109 234 753
106 293 753
105 276 755
105 277 754
105 301 753
108 266 752
107 261 753
107 276 752
107 240 754
91 332 764
87 329 767
69 217 782
70 220 780
70 216 782
74 218 780
73 207 782
75 216 780
74 221 779
75 219 779
71 231 777
70 223 778
73 209 781
70 232 777
74 204 782
74 208 781
77 221 778
78 220 778
77 214 779
79 213 777
73 205 783
101 332 757
103 282 756
102 257 759
99 239 761
77 319 773
72 333 776
74 324 775
73 317 776
103 234 759
74 390 771
134 64 724
130 70 724
132 67 724
113 203 749
110 208 753
103 194 763
105 196 762
106 199 761
108 192 760
107 179 761
107 203 760
109 195 759
109 191 760
109 202 756
109 217 755
111 185 755
110 195 755
110 206 754
111 196 754
97 188 765
100 182 766
89 176 780
94 177 779
90 174 780
91 178 779
93 178 778
125 78 729
115 183 749
112 207 750
114 188 749
121 159 747
106 183 763
130 69 725
128 71 727
123 87 729
124 80 728
122 87 733
126 76 725
124 81 727
103 203 762
125 79 726
105 165 774
112 241 749
113 249 748
121 225 742
119 212 743
118 211 744
117 213 745
105 215 760
106 213 760
105 225 759
107 206 759
108 202 759
108 206 756
106 223 756
104 232 758
107 235 755
107 218 757
108 222 755
121 264 741
129 70 725
139 61 724
113 177 751
111 217 751
113 183 750
105 171 773
120 172 748
119 180 747
121 196 743
118 193 745
131 66 725
124 79 731
111 207 752
115 169 750
117 158 751
117 170 749
120 195 744
118 181 747
119 175 748
120 185 745
119 184 746
120 173 746
116 182 749
114 173 751
112 190 752
111 155 769
112 159 768
115 204 747
115 193 748
117 191 746
114 229 747
127 72 725
121 178 744
106 146 772
114 194 748
116 193 747
116 183 748
118 177 748
106 220 759
126 73 726
120 202 743
121 170 745
116 161 750
106 164 771
113 148 770
114 146 769
103 173 766
104 178 765
102 198 763
104 192 763
103 182 764
104 171 774
116 226 746
131 69 724
133 66 724
66 232 781
68 239 779
65 230 782
67 235 780
69 224 780
67 218 781
69 228 779
68 232 780
67 246 779
68 245 778
66 240 780
71 343 775
73 344 773
72 211 782
72 215 781
70 212 783
65 366 779
183 0 746
85 350 769
83 325 770
81 318 772
64 403 779
91 208 774
90 210 772
92 207 774
66 362 776
66 351 777
65 386 778
73 333 775
64 397 780
64 230 784
65 221 783
186 1 743
187 0 743
66 222 782
188 0 742
69 338 776
76 343 772
69 354 775
71 358 774
63 432 781
129 74 724
128 75 724
63 237 786
