30 20 48
28 32 47
29 29 48
29 28 49
29 23 60
38 38 1
29 133 23
28 132 28
44 9 0
45 7 0
46 3 0
44 3 1
28 111 31
38 20 9
36 14 20
37 47 1
34 20 20
34 21 18
33 21 21
39 5 16
35 21 15
42 9 3
32 32 19
32 29 23
41 2 9
32 28 25
31 28 27
32 16 35
33 20 23
33 35 15
42 2 6
33 14 33
31 32 24
33 30 20
37 20 14
36 9 26
31 15 44
32 35 18
33 17 30
33 10 45
31 27 29
37 14 16
36 3 27
39 14 12
33 18 29
33 19 27
33 16 32
35 34 10
34 11 40
33 32 17
32 19 34
35 45 5
39 9 15
38 15 14
34 13 35
34 34 13
34 32 14
36 28 11
33 13 40
31 33 22
37 21 12
36 37 6
36 16 18
35 7 44
31 18 40
34 10 42
42 10 2
32 14 37
34 6 52
32 13 45
35 12 30
34 16 28
38 13 18
30 16 50
37 13 21
30 15 53
34 14 29
35 18 20
36 13 23
35 20 19
36 20 17
36 21 14
35 6 48
34 17 26
36 15 19
35 16 22
36 12 24
40 10 7
39 20 5
39 23 3
43 9 1
38 16 11
41 10 3
38 21 8
35 32 12
38 23 7
37 28 5
31 16 42
34 45 9
37 23 11
40 16 3
39 16 7
36 47 2
36 32 9
37 27 10
35 37 9
41 18 1
31 14 52
36 2 28
49 0 27
50 0 17
37 1 23
38 2 19
40 1 13
41 20 0
32 45 14
34 18 24
33 45 11
35 15 23
34 56 8
35 14 24
31 20 35
30 45 22
30 32 30
29 45 26
29 32 34
28 131 29
29 31 47
32 21 26
32 20 27
35 9 36
29 131 25
33 133 7
34 133 6
31 45 18
33 132 8
34 110 7
31 132 12
31 131 15
32 132 9
32 124 12
33 124 10
40 27 0
32 110 13
28 133 27
28 110 32
27 133 31
27 132 32
28 29 52
30 131 20
29 27 50
30 132 16
30 27 38
30 41 27
30 40 28
30 43 26
30 28 35
30 29 34
32 12 58
31 13 71
34 9 48
32 10 60
39 27 1
28 45 34
28 109 33
40 20 1
41 16 2
42 14 0
36 1 29
38 1 21
42 1 8
39 1 17
51 0 9
41 1 10
29 132 24
43 1 4
48 1 1
44 1 3
44 2 2
49 1 0
27 131 33
52 0 0
48 2 0
45 2 1
38 27 5
39 38 0
27 45 48
