28 33 47
44 0 26
31 140 15
28 115 31
27 138 30
29 32 42
29 115 28
31 37 28
31 32 31
31 33 30
29 29 47
28 45 36
27 40 50
27 54 47
32 21 40
37 28 24
29 36 36
29 46 30
31 23 43
28 31 59
32 37 26
28 42 45
33 32 26
32 50 22
33 20 33
37 27 25
27 41 49
32 32 28
30 43 30
30 45 28
29 43 33
31 45 26
30 32 33
30 50 26
35 43 20
33 14 44
43 0 43
44 4 18
46 6 13
29 116 27
30 115 24
45 0 18
31 117 19
46 2 14
31 95 23
31 27 35
47 0 12
42 4 28
28 138 27
29 138 23
42 3 34
33 117 15
43 1 26
32 117 18
43 2 21
31 139 18
33 45 22
50 0 8
45 1 16
27 139 28
28 139 25
51 0 7
28 154 24
33 50 20
30 138 20
49 0 9
32 140 14
32 43 24
28 32 49
31 50 24
36 30 26
49 1 2
38 11 44
48 4 5
40 12 21
36 13 50
38 10 48
37 11 45
36 15 39
45 7 15
36 12 51
42 10 8
35 13 51
43 10 5
38 15 23
41 11 6
45 8 14
47 8 10
36 16 36
37 15 35
45 9 0
35 11 52
44 10 0
41 12 2
42 11 0
37 14 43
49 5 0
49 3 1
50 1 0
39 17 2
40 14 0
39 26 0
37 20 28
37 16 30
39 14 3
38 16 4
36 59 1
29 22 60
30 20 53
32 22 35
31 19 51
29 21 76
31 17 54
30 21 48
35 26 28
29 24 58
35 22 29
34 22 32
38 28 3
36 19 33
34 19 43
36 21 28
35 19 37
36 20 29
37 21 26
35 17 39
34 29 28
31 22 44
32 26 31
33 26 29
38 29 2
32 16 44
37 30 23
35 27 27
36 26 27
31 20 48
35 18 38
35 20 31
38 36 0
29 28 48
29 27 53
30 28 44
35 67 3
30 29 43
37 44 0
35 45 18
36 32 22
36 66 0
35 68 2
34 62 9
35 59 5
34 45 20
36 38 6
36 40 5
35 35 22
33 44 23
34 51 19
34 38 23
36 36 11
36 37 9
34 59 15
34 93 7
37 36 1
34 39 22
33 37 24
34 32 24
35 96 1
55 0 0
34 96 5
46 0 16
46 0 16
46 0 16
46 0 16
46 0 16
52 0 4
54 0 2
44 1 20
48 1 6
29 117 27
29 117 27
29 117 27
29 117 27
29 117 27
30 117 23
30 140 19
28 116 31
27 45 48
