259 309 7
288 275 11
275 281 6
283 276 18
273 282 7
315 269 26
286 277 9
276 286 3
272 283 7
265 288 7
296 270 22
270 286 9
275 280 10
292 274 18
272 286 4
276 279 14
276 284 5
288 274 22
271 285 14
317 268 43
281 278 11
457 16 7
87 623 109
109 592 114
109 590 116
111 588 113
111 581 120
111 583 117
111 587 114
112 581 118
115 580 113
118 579 115
115 573 116
117 568 116
121 561 114
121 571 110
120 571 111
119 565 114
121 568 112
123 567 110
107 584 117
76 635 95
124 565 113
422 235 49
421 237 51
125 565 111
421 239 48
127 559 118
422 240 47
421 240 48
131 558 118
420 241 49
422 238 48
423 240 46
137 550 117
425 240 45
132 557 119
423 232 47
134 552 117
136 550 119
430 226 50
426 231 49
141 547 120
428 227 50
140 548 117
428 227 50
428 231 48
427 228 50
139 550 115
427 227 52
137 551 113
426 230 50
140 549 115
428 233 46
143 551 112
432 222 51
141 548 115
433 225 49
142 550 113
143 546 116
431 226 47
145 545 119
433 247 44
144 552 111
434 248 43
143 548 114
432 248 44
145 543 125
434 254 42
148 541 126
436 248 42
434 243 44
433 229 46
439 227 42
147 540 127
436 216 45
437 215 45
150 537 125
436 222 43
152 536 125
437 219 43
149 534 127
434 221 46
151 533 129
435 217 44
441 214 45
434 227 45
151 537 124
440 221 42
439 212 46
153 531 129
149 539 126
149 543 121
150 542 120
152 532 129
263 292 3
151 538 120
157 534 125
156 529 127
156 533 126
156 535 121
155 537 118
159 526 126
158 526 133
158 527 131
160 521 135
162 524 133
159 522 135
164 522 122
163 530 113
164 528 115
165 522 121
162 529 121
164 527 118
167 523 115
162 530 120
163 525 121
162 525 124
165 524 115
166 523 116
164 526 120
164 520 124
162 528 123
166 518 124
166 516 124
166 521 123
163 529 115
167 521 122
167 512 129
165 517 131
169 517 122
168 514 124
170 509 132
169 510 131
170 516 122
171 509 131
175 509 130
172 511 130
172 512 128
172 515 123
173 511 123
174 506 132
182 503 126
178 507 130
180 509 123
180 501 132
182 499 132
178 504 132
181 504 127
184 499 130
183 497 132
178 510 125
179 506 130
181 505 121
180 502 128
180 510 121
182 500 130
188 494 141
190 491 139
259 317 3
187 496 132
189 500 129
188 501 126
199 478 135
195 484 138
197 483 135
197 484 133
197 479 137
197 481 136
199 474 139
197 485 130
195 480 139
198 481 130
196 481 137
198 480 134
198 477 136
197 478 139
200 479 134
212 456 144
208 468 136
207 471 136
209 460 136
210 466 136
206 472 136
206 473 134
208 471 129
208 469 134
206 471 137
207 475 129
208 467 138
206 474 133
207 469 141
209 468 131
207 470 138
204 476 138
212 464 132
215 448 139
214 455 131
214 454 139
212 460 139
212 459 139
213 461 131
215 457 130
216 454 132
214 460 128
216 453 133
218 449 133
217 456 124
213 456 133
217 454 126
217 450 129
222 441 133
223 439 135
224 447 126
224 441 131
222 446 130
226 436 135
223 444 132
224 448 125
220 443 135
221 450 128
220 448 133
222 448 126
221 447 133
224 438 135
224 444 130
221 446 134
223 445 128
224 445 128
225 440 133
225 443 126
233 431 136
237 429 134
236 434 132
236 433 135
237 428 136
236 430 136
242 426 142
238 427 144
241 424 144
239 425 145
235 429 145
237 426 145
236 427 145
244 422 139
260 304 3
243 423 143
246 420 136
244 421 143
244 418 145
245 413 145
243 419 144
246 416 143
245 418 137
248 412 145
245 417 141
247 412 147
254 417 135
254 416 136
253 414 143
253 413 144
256 413 140
255 413 142
253 415 142
255 403 143
255 414 137
253 409 145
257 410 137
257 413 136
257 399 143
258 403 141
257 403 142
257 409 140
258 405 136
258 400 142
257 404 141
191 491 133
190 494 133
192 489 132
191 491 133
191 496 124
191 493 131
189 495 132
194 485 133
192 487 133
194 489 131
193 495 126
192 490 129
194 494 128
193 486 133
190 497 129
260 299 6
265 293 2
264 290 3
263 301 2
261 297 4
261 293 5
264 295 2
265 289 3
263 291 4
262 295 3
264 289 4
266 287 3
261 298 3
454 71 13
150 538 121
452 71 16
454 70 14
451 78 16
452 71 14
453 67 16
44 671 89
454 65 16
70 659 74
66 656 78
70 651 77
69 651 79
69 654 77
70 644 85
71 644 82
69 646 83
72 649 77
71 647 81
71 641 83
76 646 73
75 643 77
78 641 77
78 634 81
83 627 86
84 636 76
82 630 86
86 629 80
92 626 81
88 622 94
92 619 89
90 621 89
91 621 88
92 612 94
91 622 84
89 622 92
88 623 92
94 616 90
93 614 92
94 610 92
93 610 94
90 617 90
93 618 83
95 615 77
98 612 79
94 617 81
96 612 80
96 614 77
93 619 79
95 610 81
103 604 82
103 603 85
104 601 84
106 610 77
107 598 85
105 600 85
107 606 80
107 603 81
103 602 87
109 601 82
111 600 80
110 599 84
106 598 86
110 596 86
112 609 76
113 596 83
109 600 84
111 594 86
111 598 81
109 594 88
109 593 92
113 599 80
110 590 92
112 591 85
115 594 82
113 591 84
111 592 87
112 596 84
111 589 88
123 588 83
113 588 88
125 585 83
119 583 91
120 581 88
119 578 96
119 585 88
120 585 87
119 584 90
121 586 85
123 580 88
121 581 86
121 575 92
122 573 92
128 575 89
130 570 86
128 568 93
129 571 89
132 567 87
131 575 83
128 569 90
129 566 93
141 563 86
133 561 91
134 568 86
135 558 87
135 554 93
133 564 90
147 552 96
136 565 83
133 558 93
132 565 89
137 557 87
134 557 88
136 556 91
131 566 91
132 564 92
132 560 95
135 564 86
145 551 97
137 553 93
151 546 98
150 551 96
155 545 92
154 544 96
156 542 93
155 542 94
152 547 96
154 540 98
155 539 98
152 545 97
153 543 97
153 553 91
152 543 98
151 545 100
153 547 94
151 548 96
156 538 98
154 546 94
152 548 94
150 549 97
160 545 89
157 540 97
158 537 99
160 534 100
160 538 97
159 535 99
161 533 98
159 533 101
161 537 93
172 526 109
173 527 103
174 526 104
173 526 105
171 529 109
172 527 105
173 525 108
171 527 110
170 531 109
181 527 102
184 526 102
182 524 106
175 520 107
183 520 104
182 516 109
183 524 103
187 519 97
186 522 101
186 516 103
174 519 109
185 510 110
184 513 110
184 514 108
187 510 104
187 509 108
187 506 109
186 509 109
188 506 108
190 512 100
189 505 108
190 506 104
188 508 107
185 513 108
190 503 109
188 502 110
193 499 106
189 501 110
190 500 110
197 498 104
193 501 104
194 499 100
207 487 106
208 483 105
207 481 111
206 480 113
208 477 112
208 484 103
217 468 106
217 463 111
219 459 112
225 456 112
228 444 113
229 456 102
247 439 98
257 426 106
230 445 102
231 441 106
232 440 104
226 445 110
228 445 106
229 442 105
258 418 115
246 427 108
256 418 117
256 427 107
255 421 111
246 434 102
249 435 98
248 426 108
250 422 108
249 424 108
248 428 106
256 420 113
257 419 113
233 438 106
230 438 108
232 436 109
233 436 108
231 445 98
234 435 108
231 437 108
229 439 107
231 442 103
258 420 112
230 437 110
238 440 102
239 435 102
238 433 108
241 434 106
241 430 108
240 441 99
242 429 105
242 428 108
219 464 106
222 457 112
220 458 112
220 469 102
220 463 110
222 460 111
221 461 108
223 467 104
213 466 112
213 469 108
215 460 114
216 464 109
211 468 114
214 464 112
224 453 114
225 451 116
213 467 110
215 463 113
215 470 104
216 463 112
213 463 114
213 465 113
216 458 114
217 457 114
215 466 107
214 462 116
212 468 109
220 457 113
222 456 114
209 480 107
210 478 108
208 473 115
209 470 115
210 480 106
209 474 113
210 470 112
208 476 113
210 469 115
211 470 109
213 476 105
212 465 115
210 475 109
208 478 111
208 481 110
207 483 108
207 489 105
210 489 102
205 496 100
197 491 112
200 505 98
205 483 110
199 495 103
202 495 102
200 497 102
201 487 108
202 497 98
199 494 105
200 493 104
201 496 102
198 491 107
200 490 106
202 484 108
202 492 104
198 490 110
206 485 107
191 505 104
192 502 100
193 498 108
194 496 106
196 493 106
195 494 106
194 498 105
195 493 107
191 503 106
185 511 109
186 510 105
186 507 111
189 515 100
185 521 102
183 519 108
184 517 103
184 516 107
171 530 102
181 531 101
172 529 102
181 536 97
173 528 102
159 540 93
170 541 92
161 532 99
154 550 91
156 544 92
153 554 90
153 541 100
138 571 82
134 572 84
127 570 95
130 564 93
132 563 93
130 563 95
117 585 92
122 575 90
120 587 85
123 579 89
119 580 92
118 583 92
121 580 89
120 576 92
121 579 90
122 585 84
123 593 79
114 586 88
112 587 92
114 598 78
115 587 86
113 597 82
109 597 86
111 597 85
110 606 79
102 604 84
105 613 78
99 608 79
97 607 81
102 616 74
91 627 81
90 623 88
93 632 77
82 629 88
84 631 84
84 632 82
82 633 82
85 629 82
85 635 80
85 628 84
84 624 86
74 642 79
74 641 82
73 646 81
76 639 78
73 636 88
74 637 83
75 649 76
76 636 83
77 634 82
71 649 79
73 637 87
72 638 87
48 664 87
50 658 91
52 658 83
56 652 88
58 659 78
56 658 79
55 654 85
54 655 85
56 655 83
58 652 79
58 651 84
57 653 79
56 653 85
56 648 89
65 649 82
67 648 85
63 650 84
57 646 87
67 644 87
69 643 87
69 641 93
70 640 87
71 639 87
88 621 96
89 620 96
90 613 94
51 668 81
50 656 93
49 665 84
50 662 85
62 645 95
54 649 89
47 664 88
48 663 88
49 661 91
52 656 91
51 657 91
46 651 102
44 660 95
46 657 92
45 663 92
40 665 103
44 656 100
44 653 102
43 664 97
42 661 102
43 659 100
43 656 102
46 655 98
42 662 98
45 652 102
351 0 77
447 193 39
448 192 39
449 192 38
450 187 38
460 1 1
460 1 1
460 1 1
460 1 1
460 1 1
460 1 1
460 1 1
460 1 1
460 1 1
460 1 1
460 1 1
460 1 1
460 1 1
460 1 1
460 1 1
460 1 1
460 1 1
438 214 46
355 4 67
442 218 43
357 6 66
352 0 74
448 217 38
444 196 39
354 0 70
450 200 37
351 9 74
449 185 39
351 6 76
361 12 63
358 21 64
360 0 69
358 5 65
365 0 67
371 48 59
350 16 74
367 20 61
358 3 66
353 3 69
359 1 66
356 18 66
362 14 62
363 8 63
386 72 54
375 29 56
369 15 60
384 81 55
357 14 65
364 28 60
353 0 72
459 1 2
459 9 1
458 17 1
457 11 11
456 31 3
456 19 7
458 7 3
457 25 5
457 22 6
458 1 5
455 37 6
468 0 5
469 0 1
470 0 1
470 0 1
470 0 1
470 0 1
470 0 1
470 0 1
470 0 1
470 0 1
470 0 1
470 0 1
470 0 1
470 0 1
470 0 1
470 0 1
470 0 1
470 0 1
470 0 1
470 0 1
470 0 1
470 0 1
470 0 1
470 0 1
470 0 1
470 0 1
470 0 1
470 0 1
470 0 1
470 0 1
470 0 1
470 0 1
470 0 1
470 0 1
470 0 1
470 0 1
470 0 1
470 0 1
470 0 1
470 0 1
470 0 1
470 0 1
470 0 1
470 0 1
470 0 1
470 0 1
470 0 1
470 0 1
470 0 1
470 0 1
470 0 1
470 0 1
470 0 1
38 673 99
38 672 101
42 673 89
38 671 102
46 670 89
