48 690 83
52 678 87
94 625 98
292 0 1
42 696 75
292 0 1
44 695 82
292 0 1
54 676 88
292 0 1
58 674 88
60 668 89
64 665 89
292 0 1
59 672 88
72 653 89
75 646 92
77 645 94
81 637 94
83 636 94
86 630 94
90 626 98
96 624 100
100 617 100
104 611 101
108 610 101
187 400 2
187 400 2
187 400 2
187 400 2
187 400 2
187 400 2
187 400 2
187 400 2
187 400 2
186 404 2
185 410 2
184 418 2
183 419 2
181 420 1
181 420 1
177 426 1
177 426 1
177 426 1
176 432 1
162 437 1
162 437 1
162 437 1
162 437 1
162 437 1
162 437 1
162 437 1
162 437 1
162 437 1
161 438 1
157 441 1
157 441 1
157 441 1
151 450 1
151 450 1
151 450 1
151 450 1
150 456 1
149 463 1
148 466 1
147 468 1
145 476 1
140 481 1
140 481 1
140 481 1
140 481 1
139 490 1
132 498 1
132 498 1
132 498 1
132 498 1
132 498 1
131 499 1
130 509 1
128 519 1
127 522 1
124 528 1
124 528 1
119 534 1
119 534 1
119 534 1
118 544 1
116 546 1
112 554 1
112 554 1
112 554 1
112 554 1
292 0 1
68 658 89
248 334 4
248 334 4
248 334 4
248 334 4
248 334 4
248 334 4
248 334 4
248 334 4
248 334 4
248 334 4
248 334 4
235 335 4
235 335 4
235 335 4
235 335 4
235 335 4
235 335 4
235 335 4
235 335 4
235 335 4
235 335 4
235 335 4
234 340 4
228 341 4
228 341 4
228 341 4
228 341 4
227 345 4
226 353 4
223 356 4
222 357 4
221 372 4
220 379 4
217 381 4
217 381 4
219 380 2
215 388 2
212 390 2
212 390 2
210 394 2
292 0 1
292 0 1
292 0 1
292 0 1
292 0 1
292 0 1
292 0 1
292 0 1
292 0 1
249 0 37
249 0 37
249 0 37
249 0 37
249 0 37
249 0 37
249 0 37
249 0 37
249 0 37
249 0 37
249 0 37
249 0 37
38 673 97
38 714 75
38 714 75
38 673 97
38 673 97
38 674 96
38 675 94
38 669 102
