228 175 296
230 171 293
232 170 292
234 168 290
244 151 257
244 152 256
246 152 255
228 171 298
255 138 220
255 138 220
255 139 219
255 141 216
256 138 205
256 138 205
256 138 205
256 138 205
256 138 205
256 139 204
256 140 203
258 140 202
260 140 200
259 142 197
261 142 196
263 142 195
263 147 194
265 136 190
267 136 189
268 136 187
268 148 186
272 148 185
273 147 183
273 148 181
274 148 180
275 148 179
276 137 160
276 137 160
276 137 160
276 137 160
278 138 159
279 136 158
280 138 157
282 122 154
284 124 153
351 33 25
351 33 25
351 33 25
351 33 25
351 33 25
351 33 25
351 33 25
351 33 25
351 33 25
351 33 25
351 33 25
351 33 25
351 33 25
351 33 25
351 33 25
351 33 25
351 33 25
351 33 25
351 33 25
351 33 25
351 33 25
351 33 25
351 33 25
351 33 25
351 33 25
351 33 25
351 33 25
351 33 25
351 33 25
351 33 25
351 33 25
351 33 25
351 33 25
351 33 25
351 33 25
351 33 25
351 33 25
351 33 25
352 26 25
318 97 84
319 95 83
320 94 82
321 95 81
322 94 78
322 95 74
322 95 74
322 99 73
323 47 28
323 47 28
323 47 28
323 47 28
323 47 28
323 47 28
323 47 28
323 47 28
323 47 28
323 47 28
323 47 28
323 47 28
323 47 28
323 47 28
323 47 28
323 47 28
323 47 28
323 47 28
323 47 28
323 47 28
323 47 28
323 47 28
323 47 28
323 47 28
323 47 28
323 47 28
323 47 28
323 47 28
323 47 28
323 47 28
323 47 28
323 47 28
323 47 28
323 47 28
323 47 28
323 47 28
323 47 28
323 47 28
323 47 28
323 47 28
323 47 28
323 47 28
323 47 28
323 47 28
323 47 28
323 47 28
323 47 28
323 47 28
323 47 28
323 47 28
325 46 27
326 43 26
9 213 696
353 25 25
9 215 695
9 235 683
9 237 682
9 238 680
9 243 677
9 252 654
11 272 573
19 235 618
21 223 655
27 218 680
31 208 684
35 205 751
39 170 771
43 158 774
46 148 777
50 146 773
50 144 793
54 141 798
62 133 853
88 96 867
15 264 619
91 0 299
91 0 299
213 203 297
91 0 299
213 207 296
91 0 299
91 0 299
215 212 293
91 0 299
216 211 293
91 0 299
91 0 299
91 0 299
215 213 282
217 204 280
217 206 279
218 203 279
220 203 278
224 203 277
226 199 277
228 198 274
230 199 273
232 198 271
233 194 269
233 195 266
233 196 262
235 170 261
237 171 260
237 172 257
238 158 254
238 159 253
239 155 249
240 155 248
242 153 246
244 154 243
246 153 241
247 151 238
249 137 233
250 136 229
251 133 228
252 142 225
257 137 223
259 136 222
261 137 221
263 136 217
264 126 214
267 126 213
267 127 212
268 106 210
268 108 209
269 127 207
271 128 206
273 128 205
275 129 204
277 129 203
277 132 202
278 132 201
278 133 200
280 133 199
285 0 85
33 207 685
37 183 770
52 142 793
56 140 784
60 138 840
68 126 849
70 119 850
74 118 850
78 114 847
82 113 850
86 111 850
88 97 866
285 0 85
25 219 655
65 132 849
285 0 85
29 216 680
90 87 849
285 0 85
41 169 777
285 0 85
90 85 870
285 0 85
285 0 85
285 0 85
285 0 85
285 0 85
285 0 85
285 0 85
285 0 85
285 0 85
285 0 85
285 0 85
285 0 85
285 0 85
285 0 85
285 0 85
285 0 85
285 0 85
285 0 85
285 0 85
285 0 85
285 0 85
285 0 85
285 0 85
285 0 85
285 0 85
285 0 85
285 0 85
60 261 617
64 261 612
68 261 608
72 261 607
76 261 606
86 260 616
15 272 572
9 277 550
9 245 676
9 247 675
9 249 673
9 251 672
