27 284 225
31 276 225
35 272 225
39 264 223
43 261 223
45 259 222
49 251 221
52 248 221
54 247 221
58 243 221
60 238 221
62 235 220
66 231 220
70 228 255
159 0 0
23 291 225
76 219 256
80 213 256
84 209 256
87 208 256
91 203 256
95 193 255
97 187 256
98 185 264
105 100 0
100 101 0
159 0 0
72 227 257
114 97 0
113 98 0
111 99 0
159 0 0
159 0 0
116 89 0
116 89 0
116 89 0
116 89 0
116 89 0
116 89 0
116 89 0
116 89 0
116 89 0
116 89 0
116 89 0
116 89 0
116 89 0
116 89 0
116 89 0
116 89 0
116 89 0
116 89 0
116 89 0
116 89 0
116 89 0
116 89 0
116 89 0
116 89 0
116 89 0
116 89 0
116 89 0
116 89 0
131 0 3
131 0 3
131 0 3
131 0 3
131 0 3
131 0 3
131 0 3
131 0 3
131 0 3
131 0 3
131 0 3
131 0 3
131 0 3
131 0 3
131 0 3
131 0 3
131 0 3
131 0 3
131 0 3
131 0 3
131 0 3
131 0 3
21 281 238
21 290 227
21 280 239
88 214 253
92 213 253
84 219 239
96 209 253
21 293 143
31 281 166
33 280 162
25 287 148
37 276 162
41 276 161
29 284 148
45 267 161
49 259 159
53 257 158
55 254 159
59 250 157
63 247 157
67 243 157
69 240 162
