136 1178 38
179 1143 44
183 1135 45
187 1133 45
191 1120 45
195 1112 45
197 1111 45
201 1098 45
205 1097 45
208 1092 45
211 1079 45
215 1076 45
216 1075 45
220 1068 45
443 725 103
402 728 3
402 728 3
402 728 3
402 728 3
402 728 3
402 728 3
402 728 3
402 728 3
402 728 3
402 728 3
402 728 3
402 728 3
401 729 3
401 729 3
401 729 3
401 729 3
401 729 3
401 729 3
401 729 3
351 732 0
351 732 0
351 732 0
351 732 0
351 732 0
351 732 0
351 732 0
351 732 0
351 732 0
351 732 0
351 732 0
351 732 0
351 732 0
350 734 0
350 734 0
350 734 0
350 734 0
350 734 0
350 734 0
350 734 0
350 734 0
350 734 0
349 748 0
348 761 0
346 770 0
331 778 0
331 778 0
331 778 0
331 778 0
331 778 0
331 778 0
331 778 0
331 778 0
331 778 0
331 778 0
331 778 0
331 778 0
326 780 0
326 780 0
326 780 0
324 788 0
317 800 0
317 800 0
317 800 0
317 800 0
317 800 0
314 805 0
313 811 0
312 828 0
307 832 0
307 832 0
307 832 0
306 840 0
304 847 0
289 854 0
289 854 0
289 854 0
289 854 0
289 854 0
289 854 0
289 854 0
289 854 0
289 854 0
289 854 0
289 854 0
289 854 0
289 854 0
289 854 0
288 867 0
286 881 0
265 885 0
265 885 0
265 885 0
265 885 0
265 885 0
265 885 0
265 885 0
265 885 0
265 885 0
265 885 0
265 885 0
265 885 0
265 885 0
265 885 0
265 885 0
265 885 0
265 885 0
265 885 0
265 885 0
264 887 0
258 916 0
258 916 0
258 916 0
258 916 0
258 916 0
251 929 0
251 929 0
251 929 0
251 929 0
251 929 0
251 929 0
250 939 0
248 952 0
245 954 0
245 954 0
243 956 0
225 961 0
225 961 0
225 961 0
225 961 0
225 961 0
225 961 0
225 961 0
225 961 0
225 961 0
225 961 0
225 961 0
225 961 0
225 961 0
225 961 0
225 961 0
225 961 0
225 961 0
224 975 0
222 981 0
512 5 0
177 1155 44
512 5 0
512 5 0
512 5 0
512 5 0
512 5 0
512 5 0
512 5 0
512 5 0
512 5 0
444 6 11
444 6 11
444 6 11
444 6 11
444 6 11
444 6 11
444 6 11
444 6 11
444 6 11
444 6 11
444 6 11
444 6 11
444 6 11
444 6 11
444 6 11
444 6 11
444 6 11
444 6 11
444 6 11
444 6 11
444 6 11
444 6 11
444 6 11
444 6 11
444 6 11
444 6 11
444 6 11
444 6 11
444 6 11
444 6 11
136 1242 37
150 1226 32
162 1206 32
173 1195 36
184 1182 35
195 1176 37
136 1173 41
136 1168 43
159 1210 32
180 1188 35
197 1174 37
136 1171 42
187 1180 35
136 1174 40
140 1228 34
144 1227 33
148 1227 32
142 1227 34
152 1224 33
156 1223 32
164 1203 32
166 1201 32
167 1199 34
171 1196 34
176 1195 35
193 1178 37
199 1171 37
136 1176 39
136 1244 34
189 1179 37
136 1167 44
136 1166 45
