142 1154 34
140 1165 35
334 812 0
334 812 0
334 812 0
334 812 0
334 812 0
334 812 0
334 812 0
334 812 0
334 812 0
334 812 0
334 812 0
334 812 0
334 812 0
334 812 0
334 812 0
334 812 0
334 812 0
334 812 0
334 812 0
334 812 0
334 812 0
334 812 0
331 819 0
315 835 0
315 835 0
304 859 0
304 859 0
304 859 0
304 859 0
304 859 0
304 859 0
506 670 41
466 671 7
407 726 10
388 766 1
386 767 2
387 765 3
387 767 0
378 768 0
374 771 0
371 781 0
509 669 38
388 765 2
444 697 48
339 794 10
335 800 0
342 792 0
354 791 7
355 790 7
319 823 0
334 809 1
321 818 2
326 813 2
329 810 7
327 812 2
347 785 10
317 829 0
314 844 0
307 846 1
369 784 16
306 848 0
325 811 5
597 413 11
600 407 27
601 399 10
601 396 20
602 392 10
594 420 11
607 367 6
607 363 9
609 349 5
610 346 7
595 419 11
599 411 11
598 413 10
600 411 10
207 1061 47
211 1055 47
602 395 9
213 1043 47
603 388 9
604 387 9
219 1041 47
605 383 9
230 1018 51
157 1134 34
155 1132 35
169 1113 35
170 1105 36
162 1117 35
185 1094 36
184 1094 39
187 1091 37
191 1084 46
196 1086 37
194 1086 39
198 1075 38
204 1068 38
204 1079 36
209 1067 40
209 1073 37
216 1064 39
222 1039 38
224 1035 40
226 1031 42
226 1029 43
252 993 50
232 1010 49
249 1018 48
251 991 52
256 996 49
260 980 52
261 991 50
265 974 56
284 971 56
283 972 56
275 973 63
300 933 71
290 967 59
277 967 62
286 965 62
289 957 62
290 934 64
303 933 65
301 942 63
291 943 63
445 694 105
479 664 94
466 669 102
448 680 105
467 666 96
476 658 97
491 643 97
472 659 101
487 645 102
488 643 109
486 646 99
474 655 98
483 647 99
444 695 99
490 629 103
479 650 99
606 381 9
175 1095 35
227 1024 52
250 1005 53
244 995 56
252 983 64
250 991 67
259 978 65
256 968 69
264 960 75
284 949 74
271 952 74
287 929 105
280 930 76
443 693 149
459 665 128
460 660 137
519 585 148
520 570 149
267 961 74
515 572 151
521 565 151
472 651 141
463 656 134
468 652 141
303 920 104
299 919 110
295 918 113
302 918 110
608 349 6
137 1159 45
268 1017 46
609 347 6
476 649 140
476 638 142
477 639 136
167 1143 33
478 635 143
481 626 144
480 629 147
483 624 148
486 632 141
493 627 142
490 619 148
505 587 143
510 584 154
525 560 144
529 554 149
544 550 141
294 923 98
138 1166 40
274 985 50
147 1175 31
149 1171 30
148 1163 31
150 1163 30
149 1161 31
150 1157 31
395 727 0
392 734 0
391 742 0
452 676 4
393 728 0
447 693 3
390 760 1
451 677 6
448 691 3
454 685 2
449 689 3
448 697 2
448 689 5
423 703 2
425 698 2
423 700 3
424 702 2
413 710 1
415 708 1
412 725 0
414 709 1
409 716 1
410 721 1
411 712 1
410 721 1
453 672 4
453 675 3
450 680 3
452 689 2
449 686 4
451 694 2
390 747 3
390 763 0
452 678 3
451 678 4
144 1158 32
138 1175 35
141 1156 35
141 1169 34
142 1159 33
139 1173 36
141 1170 33
143 1164 32
144 1153 33
139 1153 47
141 1141 46
140 1152 46
139 1157 46
140 1142 47
141 1147 45
141 1140 47
140 1153 44
139 1152 50
141 1152 44
143 1140 44
143 1139 45
142 1149 44
142 1140 45
144 1136 45
142 1136 47
143 1133 48
143 1135 46
143 1155 33
144 1151 35
143 1152 35
612 330 6
612 332 5
613 326 5
611 339 5
611 332 6
614 321 5
201 1074 45
210 1057 47
224 1030 51
227 1025 51
241 1002 56
243 1001 66
248 993 66
254 981 69
279 942 76
444 693 148
446 691 149
457 665 133
458 664 134
461 657 134
466 654 144
470 651 146
471 648 142
472 642 142
473 639 142
475 638 143
477 636 144
489 619 149
494 612 142
512 584 152
513 577 151
514 574 150
515 573 149
518 571 149
522 569 149
522 563 150
523 560 150
525 559 149
527 556 149
535 548 152
538 547 152
542 545 146
544 543 146
545 539 146
549 529 144
552 521 135
265 963 72
136 1168 47
149 1147 35
153 1134 35
159 1119 35
164 1116 36
166 1115 36
172 1103 35
174 1102 36
194 1089 38
195 1088 38
197 1082 38
207 1075 37
214 1065 38
218 1050 38
220 1040 40
255 1007 49
251 1007 50
249 1007 52
276 970 62
282 961 63
278 962 63
284 951 63
288 945 63
290 944 63
443 696 105
447 689 105
489 636 98
490 631 100
493 628 103
489 631 103
494 620 104
496 616 106
494 613 112
501 607 112
499 607 114
522 584 119
529 576 122
531 574 122
532 572 122
538 564 125
542 560 125
545 552 117
538 567 121
469 661 98
473 657 98
488 649 98
478 653 99
136 1178 39
136 1169 46
136 1170 45
136 1172 44
136 1173 43
495 619 103
497 614 107
512 602 113
518 592 119
496 609 112
503 604 112
507 594 114
504 609 111
527 585 102
500 602 114
524 577 119
534 574 120
536 584 118
535 567 122
537 572 117
538 559 126
544 553 117
540 569 117
533 568 121
508 626 96
495 603 143
494 604 149
497 607 138
494 670 80
499 605 138
494 653 96
493 606 146
496 650 94
496 652 93
495 663 85
499 590 149
496 599 144
496 601 140
495 667 83
493 668 87
496 594 148
496 655 90
493 656 89
496 646 96
498 654 92
494 668 84
496 591 149
496 600 143
494 659 87
497 594 147
497 598 141
497 596 144
497 660 85
491 669 92
498 593 148
495 598 147
494 599 150
494 666 86
500 590 148
499 592 144
495 669 80
495 602 144
492 668 90
492 660 92
492 667 91
492 669 85
497 586 150
498 585 150
495 592 150
496 597 147
494 669 83
497 603 139
496 598 146
521 632 66
525 624 63
507 627 98
507 621 100
507 625 99
505 629 102
516 611 87
509 618 100
516 629 73
516 645 72
519 639 67
518 646 68
515 647 72
519 645 66
521 640 65
522 636 64
524 624 65
522 637 59
523 625 66
524 628 64
525 633 60
526 628 60
524 631 63
527 621 65
529 626 61
530 619 63
529 623 62
529 627 58
528 623 63
530 629 56
531 617 61
530 626 60
530 620 61
533 623 59
532 620 60
531 625 56
531 624 59
533 637 54
534 633 50
535 629 45
536 627 49
534 637 49
534 635 49
533 638 49
536 626 55
534 639 48
514 611 89
506 628 98
522 628 67
508 630 93
510 620 96
512 645 80
516 650 71
511 624 86
520 644 66
509 625 89
518 647 66
510 615 97
515 610 89
510 622 91
515 656 71
509 622 93
523 633 61
509 619 97
511 619 89
514 626 78
513 610 96
511 618 91
513 623 83
510 625 88
513 614 89
511 616 93
510 621 93
508 623 97
512 615 84
514 612 88
516 608 88
512 612 90
511 612 94
511 635 85
514 608 107
514 614 82
513 625 80
515 611 88
515 612 83
511 639 84
512 633 83
510 636 85
515 623 80
514 633 76
515 626 76
514 621 81
515 620 81
516 619 79
515 624 78
515 637 74
514 636 75
516 622 78
517 621 77
516 624 77
517 629 71
513 634 77
517 625 75
518 625 71
520 623 74
518 622 75
520 618 75
517 622 76
518 629 69
520 617 76
519 618 77
521 620 74
518 620 76
517 638 70
512 610 97
527 551 151
533 615 61
534 550 152
535 546 153
541 614 41
537 545 153
541 548 151
541 551 147
539 608 43
537 611 44
540 619 41
540 610 42
542 592 44
540 594 44
543 586 44
541 597 43
541 599 42
540 599 43
539 606 44
542 593 41
543 587 42
543 588 41
543 592 40
545 580 38
547 576 37
545 571 39
547 578 36
546 579 37
544 578 39
548 550 37
549 549 37
549 550 35
547 552 38
621 272 1
546 537 146
547 533 142
551 522 135
550 548 36
550 538 39
550 541 37
551 544 36
550 539 38
548 545 38
554 536 35
553 532 37
553 543 34
553 536 36
555 534 34
554 538 34
553 537 35
555 538 33
552 537 36
557 514 36
556 522 34
556 517 36
557 516 35
558 512 37
554 521 36
557 513 41
556 515 37
555 519 36
559 512 36
555 519 36
558 515 35
557 517 33
556 518 35
555 523 35
561 519 32
563 504 33
562 506 33
564 503 33
562 508 33
562 511 32
561 511 33
565 502 33
564 505 24
565 514 22
563 516 24
565 515 21
565 503 23
563 507 26
621 272 1
551 519 137
550 521 144
568 466 20
571 459 19
567 465 21
568 463 21
569 460 19
569 454 22
569 459 21
566 466 22
571 465 18
574 468 17
576 461 18
576 465 17
575 457 20
578 460 17
577 464 17
579 462 15
621 272 1
567 458 22
621 272 1
621 272 1
561 509 136
623 267 1
578 458 19
580 449 25
579 456 18
579 457 17
581 447 15
577 453 20
583 440 16
583 447 14
580 450 16
580 450 16
582 446 15
581 449 14
584 438 16
580 451 15
583 448 13
584 446 14
583 443 15
582 441 16
586 443 14
581 445 16
625 266 1
584 435 17
610 343 23
585 434 16
617 318 3
590 431 13
590 429 15
589 427 18
617 317 7
587 428 16
590 424 17
589 431 15
590 425 16
589 433 14
592 426 15
588 438 14
591 427 15
592 427 13
593 429 12
591 437 11
593 432 11
591 433 12
591 429 13
593 424 13
592 434 11
617 316 14
591 422 16
618 312 1
618 308 6
621 271 3
620 275 1
622 271 1
619 279 1
625 258 8
632 88 0
637 45 56
634 57 55
643 84 51
636 48 53
633 55 56
637 75 52
635 83 54
631 84 57
633 46 57
632 48 57
699 60 8
696 79 18
698 60 11
697 79 9
699 69 7
697 65 16
698 65 9
696 80 11
700 67 6
697 71 12
698 68 8
704 80 4
629 100 0
629 102 0
628 111 0
629 95 2
628 103 1
627 123 1
626 130 3
626 141 1
627 107 3
627 116 2
630 91 0
626 109 5
136 1174 42
697 67 15
702 38 6
701 38 8
701 37 9
701 57 6
697 70 13
700 41 10
697 76 10
703 36 6
702 35 8
698 52 13
698 63 10
700 58 7
699 52 10
699 48 11
699 42 13
699 54 9
700 44 8
698 45 15
701 48 7
705 33 7
618 38 58
617 55 59
617 41 60
613 43 66
613 58 63
613 51 65
136 1175 40
701 30 10
136 1179 38
136 1180 37
616 36 61
616 36 61
616 36 61
614 36 62
614 35 64
703 33 8
136 1182 36
614 34 65
136 1186 35
136 1165 48
136 1162 50
