31 690 4986
31 693 4985
31 694 4984
31 697 4983
31 700 4981
31 701 4979
31 706 4978
31 709 4966
31 712 4965
31 715 4963
31 717 4962
31 720 4958
31 723 4914
31 726 4913
31 729 4862
31 730 4832
31 735 4823
31 739 4813
31 742 4560
35 736 4522
39 736 4507
41 733 4450
45 733 4423
49 733 4395
53 726 4374
57 715 4346
59 715 4321
64 711 4304
61 712 4302
68 711 4277
72 709 4277
76 705 4272
80 705 4269
83 704 4266
87 702 4228
91 702 4195
93 702 4176
97 691 4138
101 689 4103
105 689 4102
109 684 4074
113 683 4036
119 680 3860
115 681 3856
122 676 3832
124 671 3797
127 668 3778
128 668 3774
130 661 3766
132 661 3764
136 658 3739
140 654 3704
142 654 3604
145 654 3601
147 651 3598
147 653 3589
155 645 3586
151 648 3566
159 645 3533
163 645 3518
176 641 3560
172 641 3578
180 639 3534
182 636 3518
184 636 3509
187 636 3505
167 645 3502
189 631 3477
192 629 3475
196 626 3480
194 629 3473
171 642 3468
207 622 3426
210 622 3410
212 618 3408
214 615 3374
216 615 3353
220 615 3345
224 615 3335
228 615 3313
232 615 3286
236 611 3258
242 609 3244
242 610 3242
240 611 3233
244 606 3231
244 607 3228
248 604 3196
251 603 3178
253 602 3176
256 600 3169
258 600 3150
262 598 3128
268 595 3119
266 597 3117
272 595 3102
273 594 3102
275 592 3078
275 594 3075
277 586 3062
279 581 3042
283 576 3022
285 575 3011
287 573 2961
291 571 2933
294 569 2925
296 565 2908
300 563 2900
304 558 2890
308 558 2882
310 557 2857
312 554 2825
314 554 2807
316 553 2775
319 550 2768
322 548 2735
324 547 2727
328 545 2709
328 546 2708
330 542 2654
332 540 2646
52 731 4454
163 634 3694
165 633 3678
169 626 3640
173 624 3621
177 622 3586
179 614 3725
182 613 3706
184 610 3704
187 609 3675
191 607 3642
193 604 3597
196 601 3581
198 600 3438
201 598 3430
202 595 3528
204 592 3523
208 588 3498
210 587 3488
214 584 3455
216 582 3449
220 579 3411
224 573 3403
227 568 3401
231 565 3367
235 561 3359
238 556 3330
240 552 3314
239 552 3338
243 547 3320
247 546 3319
251 538 3270
255 536 3253
35 690 4966
37 696 4946
257 527 3218
39 695 4930
257 526 3221
41 693 4911
260 524 3214
43 695 4908
262 522 3214
45 695 4717
261 518 3216
45 698 4716
265 517 3189
47 700 4711
265 516 3190
49 704 4693
267 514 3139
51 703 4687
271 511 3110
53 703 4677
272 509 3107
55 705 4670
56 706 4458
274 508 3090
58 704 4427
60 710 4327
276 507 3088
60 712 4325
280 506 3080
64 735 4293
282 505 3071
67 744 4289
286 499 3089
69 747 4274
289 492 3084
293 484 3058
297 477 3045
299 475 3018
79 743 4144
305 470 2989
303 472 2989
308 469 2963
310 468 2958
312 467 2943
316 462 2905
318 456 2897
320 452 2885
320 453 2884
322 449 2864
325 445 2847
327 442 2826
330 434 2801
35 696 4964
329 437 2800
428 183 176
428 183 176
428 183 176
428 183 176
428 183 176
428 183 176
428 183 176
428 183 176
428 183 176
428 183 176
428 183 176
428 183 176
428 183 176
428 183 176
428 183 176
428 183 176
428 183 176
428 183 176
428 183 176
428 183 176
428 183 176
428 183 176
428 183 176
428 183 176
428 183 176
428 183 176
428 183 176
428 183 176
428 183 176
428 183 176
428 183 176
428 183 176
428 183 176
428 183 176
428 183 176
428 183 176
428 183 176
428 183 176
428 183 176
428 183 176
428 183 176
428 183 176
428 183 176
428 183 176
428 183 176
428 183 176
428 183 176
428 183 176
428 183 176
428 183 176
428 183 176
428 183 176
428 183 176
428 183 176
428 183 176
428 183 176
428 183 176
428 183 176
428 183 176
428 183 176
428 183 176
428 183 176
428 183 176
428 183 176
428 183 176
428 183 176
428 183 176
428 183 176
428 183 176
428 183 176
428 183 176
428 183 176
428 183 176
428 183 176
428 183 176
428 183 176
428 183 176
428 183 176
428 183 176
428 183 176
428 183 176
428 183 176
428 183 176
428 183 176
428 183 176
428 183 176
428 183 176
428 183 176
428 183 176
428 183 176
428 183 176
428 183 176
428 183 176
428 183 176
428 183 176
428 183 176
428 183 176
428 183 176
428 183 176
428 183 176
428 183 176
428 183 176
428 183 176
428 183 176
428 183 176
428 183 176
428 183 176
428 183 176
428 183 176
428 183 176
428 183 176
428 183 176
428 183 176
428 183 176
428 183 176
428 183 176
428 183 176
428 183 176
428 183 176
428 183 176
428 183 176
334 0 594
49 732 4484
81 744 4138
83 739 4128
85 739 4121
87 738 4107
89 735 4104
89 739 4095
91 737 4087
91 742 4011
91 746 4009
92 746 3945
92 756 3942
92 757 3941
94 763 3744
94 769 3742
96 766 3735
98 763 3727
100 763 3715
102 763 3714
104 764 3710
106 761 3704
108 762 3688
110 764 3675
112 768 3607
112 769 3606
112 771 3604
114 770 3585
116 769 3581
116 770 3573
116 782 3544
117 787 3500
119 785 3494
121 782 3493
123 783 3486
125 779 3413
125 784 3404
125 785 3392
125 787 3380
127 789 3379
140 800 3155
141 807 3031
143 815 3024
145 815 3009
147 813 3004
149 817 3000
150 818 2998
152 817 2992
154 819 2991
156 818 2988
158 816 2963
160 811 2958
162 805 2939
167 814 2938
169 814 2922
169 818 2911
170 820 2909
173 818 2902
175 820 2873
175 824 2872
203 856 2361
205 858 2346
207 862 2333
36 699 4920
38 702 4908
211 864 2316
40 704 4890
211 865 2315
42 706 4886
44 706 4871
214 861 2244
71 735 4221
215 863 2240
73 736 4218
75 739 4214
76 742 4187
220 865 2197
220 866 2185
76 745 4116
221 852 2149
76 747 4115
223 857 2145
78 750 4101
222 862 2142
80 745 4085
222 865 2135
80 747 4072
222 866 2128
222 867 2124
82 754 4065
222 871 2120
84 753 4059
222 872 2115
86 753 3953
88 756 3949
224 872 2093
226 873 2092
226 874 2090
90 758 3938
228 871 2085
91 758 3920
230 868 2080
93 759 3895
94 762 3882
98 768 3691
100 768 3676
100 776 3675
102 775 3667
104 776 3664
106 778 3628
106 779 3623
107 780 3621
107 785 3619
109 788 3539
110 789 3536
109 790 3524
111 791 3523
113 792 3508
113 794 3405
113 795 3404
114 797 3398
116 797 3391
118 796 3378
120 792 3339
122 793 3193
123 793 3186
123 795 3184
123 796 3183
123 797 3181
125 796 3177
127 799 3162
127 801 3161
129 804 3158
129 805 3155
131 804 3147
131 804 3147
131 809 3145
131 810 3110
131 811 3109
131 816 3104
131 818 3101
131 820 3098
133 820 3086
134 818 3074
134 820 3049
136 822 3033
136 823 3028
136 825 3026
138 823 3008
140 822 2977
142 825 2974
144 827 2960
144 824 2961
146 826 2954
148 821 2947
150 821 2930
152 823 2911
154 822 2910
154 824 2891
154 838 2873
156 838 2864
158 837 2853
160 835 2838
162 835 2834
162 836 2720
162 836 2720
162 836 2720
162 840 2718
164 832 2711
164 833 2707
166 839 2698
166 841 2689
166 842 2687
166 844 2675
166 845 2674
166 847 2669
167 847 2666
169 844 2659
170 839 2654
171 835 2632
171 836 2631
170 842 2618
171 839 2612
173 842 2598
173 839 2599
173 843 2595
174 847 2563
174 854 2524
174 856 2505
174 857 2504
176 855 2500
178 861 2430
178 857 2431
178 862 2423
178 875 2414
178 867 2415
180 875 2410
181 877 2406
184 880 2384
186 880 2383
182 876 2385
186 881 2366
188 884 2346
190 871 2302
190 872 2297
191 873 2295
193 866 2283
193 868 2261
193 872 2257
193 873 2247
195 866 2233
197 869 2226
197 871 2223
199 883 2175
199 880 2176
199 884 2174
199 890 2169
199 891 2168
199 892 2165
205 882 2145
205 884 2144
207 885 2135
207 887 2106
209 890 2104
210 888 2100
212 888 2081
214 888 2080
214 890 2062
216 889 2055
218 889 2052
218 891 2051
219 882 2032
219 884 2020
219 888 2014
220 882 1978
220 885 1957
222 885 1951
224 885 1941
225 880 1932
227 873 1923
227 877 1921
228 876 1909
228 877 1902
229 876 1898
233 883 1887
231 875 1888
234 871 1878
236 873 1870
238 865 1866
239 869 1860
240 866 1853
242 866 1827
246 863 1821
247 858 1790
248 854 1780
250 859 1776
252 864 1768
252 860 1769
254 867 1763
256 868 1758
256 869 1740
258 870 1738
260 866 1733
261 861 1732
263 862 1723
263 863 1721
263 864 1719
263 865 1718
264 872 1709
264 863 1713
265 867 1702
266 863 1694
267 860 1691
267 858 1692
267 863 1689
268 864 1682
268 865 1679
270 864 1670
272 863 1666
273 859 1663
273 863 1651
275 866 1648
275 863 1649
277 861 1639
279 862 1634
281 865 1632
281 866 1624
281 868 1614
286 869 1610
282 867 1611
288 871 1605
290 869 1574
292 863 1568
292 860 1569
292 869 1564
292 865 1566
294 872 1557
296 867 1555
296 870 1551
297 874 1542
297 870 1543
299 872 1540
299 869 1541
299 873 1537
300 872 1532
300 873 1531
302 871 1524
302 869 1525
303 872 1520
305 874 1515
305 875 1514
306 866 1512
308 862 1507
310 849 1496
311 849 1495
313 848 1494
313 849 1487
314 847 1479
315 848 1477
314 854 1444
314 850 1445
317 854 1437
316 851 1439
317 858 1430
319 847 1419
320 844 1418
320 846 1415
322 846 1407
327 846 1401
327 848 1397
329 847 1395
329 850 1392
331 847 1390
331 849 1388
333 848 1387
329 837 1653
331 830 1647
333 826 1641
597 182 196
597 182 196
597 182 196
597 182 196
597 182 196
597 182 196
597 182 196
597 182 196
597 182 196
597 182 196
597 182 196
597 182 196
597 182 196
597 182 196
597 182 196
597 182 196
597 182 196
597 182 196
597 182 196
597 182 196
597 182 196
597 182 196
597 182 196
597 182 196
597 182 196
597 182 196
597 182 196
597 182 196
597 182 196
597 182 196
597 182 196
597 182 196
597 182 196
597 182 196
598 169 195
599 168 195
600 165 195
601 162 194
33 694 4978
605 0 201
602 71 169
606 0 198
65 739 4291
