35 661 4799
33 670 4601
265 611 2801
270 603 2769
268 607 2764
271 601 2742
275 597 2722
274 595 2725
275 598 2720
273 597 2731
276 591 2713
278 591 2706
281 594 2678
283 588 2700
281 593 2693
283 593 2682
285 593 2669
287 584 2678
283 591 2690
285 586 2672
288 583 2678
287 585 2671
286 589 2656
288 587 2658
288 585 2665
291 582 2640
291 585 2610
288 588 2630
289 584 2636
291 583 2629
289 583 2660
287 588 2635
289 587 2630
290 587 2618
288 586 2660
289 592 2626
290 583 2643
290 590 2609
292 583 2612
294 580 2628
292 587 2595
292 586 2605
300 579 2568
298 582 2613
298 585 2589
298 588 2566
298 583 2593
298 586 2575
301 581 2543
300 586 2527
299 582 2597
301 578 2649
299 581 2599
299 587 2541
301 584 2539
301 586 2526
299 583 2549
304 577 2529
306 579 2486
305 581 2493
304 578 2507
306 577 2491
303 583 2508
304 580 2496
304 576 2644
308 572 2558
309 569 2506
310 570 2441
307 575 2478
308 571 2565
306 575 2594
309 570 2464
310 572 2437
305 576 2602
308 573 2518
307 570 2591
308 567 2583
309 567 2563
307 572 2562
310 566 2574
312 563 2579
306 573 2617
309 566 2592
310 568 2509
309 573 2439
313 563 2554
311 564 2576
305 574 2614
313 567 2461
313 566 2476
314 562 2565
311 568 2487
311 569 2459
315 562 2552
311 567 2518
311 562 2589
311 572 2428
312 564 2572
315 563 2549
314 564 2552
311 566 2572
312 566 2569
316 565 2438
314 569 2453
318 560 2548
317 559 2567
318 562 2547
319 566 2436
319 567 2433
317 572 2420
320 558 2560
318 572 2408
321 558 2550
317 570 2427
320 565 2435
320 569 2412
318 568 2428
319 561 2535
320 567 2424
320 560 2530
320 564 2525
318 569 2419
322 563 2430
322 568 2407
323 570 2403
324 561 2409
329 560 2406
330 558 2409
331 554 2407
331 560 2387
332 556 2397
331 557 2402
335 556 2382
335 554 2384
335 553 2392
340 538 2407
336 547 2395
340 542 2376
340 540 2395
338 542 2389
339 544 2375
338 540 2412
338 546 2368
338 543 2384
344 539 2342
345 540 2313
343 539 2360
344 537 2356
344 543 2331
349 535 2309
348 536 2308
356 532 2302
356 537 2182
350 537 2208
348 540 2245
356 530 2306
355 534 2189
352 532 2310
351 535 2224
352 534 2200
354 539 2176
354 541 2170
358 529 2290
358 530 2289
363 523 2262
357 531 2263
358 531 2215
359 528 2176
357 527 2297
358 526 2302
359 530 2170
361 531 2150
365 532 2125
363 536 2138
364 533 2137
365 534 2107
366 531 2130
367 527 2124
365 525 2258
367 531 2097
366 535 2104
355 532 2306
362 525 2274
359 532 2155
360 526 2277
359 525 2290
361 526 2209
361 527 2157
357 530 2296
357 533 2241
360 533 2154
356 525 2323
363 521 2283
356 538 2143
357 534 2139
350 534 2226
350 533 2310
348 539 2283
349 538 2288
358 358 2453
363 366 2452
359 348 2462
364 356 2433
366 341 2418
367 347 2388
368 341 2406
369 328 2403
368 332 2408
373 324 2372
376 322 2290
382 328 2273
377 318 2327
383 324 2276
396 7 735
418 67 733
41 706 4142
39 713 4144
39 712 4145
37 715 4359
40 708 4348
41 710 4131
40 712 4129
39 710 4304
43 702 4322
40 709 4141
43 700 4328
39 709 4367
40 706 4426
41 705 4331
41 712 4124
46 709 4098
47 710 4095
47 705 4097
46 708 4115
46 718 4095
45 714 4113
47 711 4093
51 704 4098
50 710 4083
51 705 4079
50 709 4090
53 698 4270
49 709 4092
51 708 4075
54 705 4064
54 703 4065
53 706 4063
55 701 4043
53 707 4057
55 709 4039
53 709 4054
54 706 4048
55 699 4190
54 713 4046
57 697 4232
57 697 4232
57 695 4244
54 702 4113
55 711 4036
58 704 4019
57 703 4025
57 702 4026
58 701 4033
59 697 4014
59 696 4223
61 692 4198
60 696 4210
59 700 4012
63 695 4167
63 701 3980
59 703 3996
63 702 3969
62 702 3983
62 705 3974
62 701 3999
65 693 4155
65 692 4156
61 703 3975
63 703 3964
63 699 3987
66 701 3950
65 694 4106
68 689 4151
68 691 4147
65 698 3959
65 696 3963
67 687 4163
66 696 3957
67 691 4152
67 693 3947
69 687 4132
66 698 3951
69 686 4134
66 695 3994
69 691 3931
67 695 3931
67 692 4132
70 689 4108
67 697 3927
68 698 3914
68 696 3930
65 699 3956
70 690 4101
67 699 3926
71 685 4102
71 686 4094
71 691 3875
69 697 3865
71 696 3860
71 690 4044
71 697 3858
71 692 3873
71 693 3872
69 693 3876
71 694 3861
76 697 3850
71 698 3855
78 695 3807
79 689 3809
77 694 3810
79 690 3805
77 692 3853
79 688 3811
78 692 3816
78 696 3797
79 694 3775
80 693 3772
81 689 3774
81 691 3760
81 690 3770
79 691 3789
81 687 3850
84 688 3767
84 692 3756
84 690 3762
83 689 3764
84 687 3781
86 684 3773
86 686 3771
87 690 3757
80 694 3761
88 687 3742
89 686 3750
87 691 3754
89 690 3734
93 685 3726
92 692 3728
93 693 3720
93 683 3747
93 688 3723
95 679 3748
95 681 3733
95 682 3717
94 687 3722
93 697 3713
165 656 3278
167 650 3275
166 652 3269
167 652 3267
168 649 3299
166 660 3264
167 658 3265
169 659 3231
169 655 3235
169 661 3220
170 650 3252
168 659 3232
168 655 3241
168 654 3250
168 653 3265
172 651 3236
173 651 3235
172 648 3271
174 651 3228
174 652 3213
172 647 3280
173 652 3225
174 643 3242
175 648 3226
176 647 3221
176 645 3241
176 648 3220
174 648 3229
176 639 3301
176 651 3204
176 642 3248
176 652 3203
177 645 3192
170 653 3198
178 648 3190
178 643 3209
178 644 3204
179 639 3208
179 642 3206
178 649 3184
180 641 3173
179 644 3170
190 635 3101
189 635 3137
189 638 3096
188 642 3139
191 637 3097
191 634 3131
191 629 3138
194 634 3088
190 642 3081
194 643 3075
195 632 3106
193 634 3120
193 637 3088
194 633 3091
195 636 3078
194 639 3076
195 633 3083
194 638 3077
193 641 3087
199 634 3068
197 637 3068
193 648 3069
201 628 3094
201 631 3060
202 626 3080
200 633 3078
203 625 3080
202 627 3063
201 630 3064
205 631 3050
205 629 3057
197 638 3059
206 631 3040
206 630 3052
222 612 3137
220 618 2987
219 622 2982
218 625 2977
218 622 2992
218 621 3009
220 619 2984
218 620 3016
220 616 3135
219 621 2991
224 614 3125
222 616 3127
222 617 3002
220 623 2957
218 624 2983
221 616 3129
224 611 3135
221 619 2971
224 613 3128
225 613 2961
225 612 3111
221 623 2948
226 611 3022
224 617 2978
226 612 2959
225 617 2955
226 619 2937
224 615 3036
228 610 3106
224 619 2939
228 618 2938
230 613 2906
229 609 3092
229 614 2940
230 609 3083
236 608 2913
237 606 2924
237 604 2947
235 605 2956
240 597 3088
239 605 2911
238 601 2943
237 602 2959
239 599 3082
238 598 3096
241 597 3076
235 604 3064
234 603 3082
232 612 2914
231 608 3087
234 604 3078
233 612 2895
236 601 3063
234 605 3063
233 605 3067
232 606 2941
232 609 2916
236 600 3072
236 609 2904
234 611 2900
234 607 2940
241 600 3049
228 619 2894
239 610 2884
238 608 2890
237 612 2883
237 610 2893
244 607 2883
246 603 2876
247 597 2907
245 598 3070
245 603 2899
239 611 2872
245 599 3049
245 606 2867
245 602 2903
246 600 3032
247 603 2871
249 594 3038
245 604 2895
247 596 3043
247 610 2854
249 609 2866
251 596 3028
249 610 2850
252 605 2850
250 607 2853
252 602 2855
252 608 2844
254 596 3006
254 594 3015
260 605 2830
252 609 2823
262 600 2901
262 601 2836
260 607 2820
260 606 2826
261 602 2812
264 596 2978
267 600 2823
262 606 2805
268 601 2792
266 600 2856
269 595 2971
267 603 2786
270 601 2781
270 600 2820
268 604 2783
270 595 2940
269 599 2857
270 596 2929
271 593 2920
269 602 2771
272 596 2814
271 599 2786
274 589 2887
272 597 2773
271 598 2906
273 596 2782
273 594 2856
274 593 2743
274 591 2883
271 595 2907
272 595 2885
273 593 2885
275 591 2788
276 587 2892
275 589 2797
276 588 2742
273 595 2786
277 585 2761
279 582 2875
277 589 2731
276 589 2740
276 586 2897
273 590 2913
275 586 2899
272 591 2905
279 587 2748
281 582 2869
279 583 2868
275 592 2724
282 584 2848
287 582 2715
284 584 2829
285 581 2718
285 579 2844
281 588 2708
285 584 2714
284 580 2841
286 585 2697
289 576 2818
289 577 2804
285 585 2701
286 579 2819
286 580 2817
287 580 2760
286 584 2701
288 581 2694
288 579 2811
290 577 2793
293 576 2762
287 583 2690
292 578 2763
293 577 2761
293 578 2754
294 578 2748
290 578 2785
296 578 2726
302 574 2708
303 576 2664
300 577 2683
301 577 2664
302 575 2682
299 577 2718
304 573 2659
289 579 2668
655 9 374
206 723 3025
207 720 3009
207 724 2999
208 724 2994
368 525 2231
369 528 2120
367 525 2233
371 524 2110
371 530 2098
369 522 2234
369 526 2151
369 529 2107
370 528 2112
368 524 2235
371 523 2121
371 520 2255
371 519 2256
371 521 2161
374 517 2239
373 518 2234
369 524 2157
372 520 2220
371 525 2106
367 522 2258
375 514 2218
371 531 2082
374 541 2069
378 525 2028
381 519 2170
379 519 2196
377 525 2081
379 521 2070
372 526 2095
372 527 2087
376 519 2202
374 522 2088
374 520 2203
387 510 2180
386 512 2186
385 515 2177
385 513 2182
387 513 2143
383 516 2178
387 511 2146
388 510 2052
385 517 2079
387 515 2059
387 514 2089
384 516 2177
386 516 2154
386 513 2173
388 516 2044
388 518 2042
388 509 2174
385 516 2157
386 515 2165
211 619 3049
210 622 3077
209 624 3011
209 622 3133
652 13 379
377 528 2025
207 623 3021
209 627 3005
211 624 2993
209 637 2969
652 10 381
202 693 3054
205 725 3026
204 697 3034
204 689 3054
206 725 3010
243 721 2854
244 719 2823
245 719 2821
656 7 376
656 11 369
656 10 372
655 14 372
652 21 375
652 16 378
653 10 378
654 10 373
653 11 375
656 14 368
656 15 365
653 17 369
99 740 3678
100 739 3654
101 739 3611
101 740 3608
103 740 3594
105 738 3571
651 10 442
193 552 3350
200 553 3300
204 551 3277
198 548 3306
213 535 3285
217 528 3290
213 541 3201
219 530 3289
223 531 3284
223 532 3268
227 527 3212
235 521 3231
240 513 3197
238 514 3194
241 512 3082
253 501 3103
262 525 2980
258 495 3063
263 489 3048
271 481 3079
273 505 2926
275 472 3052
282 483 3051
281 470 3072
263 484 3056
98 741 3676
107 739 3536
107 741 3441
111 735 3500
107 736 3563
113 738 3477
129 748 3063
134 754 3062
141 753 3059
135 760 3052
139 766 2918
137 762 3023
134 773 2971
136 782 2890
135 769 2995
138 779 2874
135 770 2892
137 777 2886
144 777 2874
146 777 2826
149 779 2803
266 768 2470
149 790 2605
153 787 2575
157 789 2571
158 791 2567
161 793 2565
161 798 2554
165 799 2551
160 801 2530
159 805 2531
165 801 2505
164 804 2510
166 801 2493
167 813 2483
168 807 2463
256 776 2418
168 808 2458
172 804 2433
175 805 2395
223 787 2295
207 817 2216
249 747 2751
219 816 2104
113 733 3490
222 819 2087
112 744 3251
220 830 2081
120 741 3267
222 831 2051
124 725 3317
224 830 2051
126 723 3305
223 837 2046
127 726 3250
225 840 2022
125 725 3264
226 828 2030
131 725 3247
225 842 2021
131 729 3212
228 825 2009
131 730 3207
285 843 1609
127 735 3232
283 855 1600
135 734 3172
287 848 1599
137 737 3161
287 849 1598
133 736 3178
289 848 1597
143 740 3158
288 850 1592
143 735 3170
293 835 1580
145 736 3156
293 839 1571
168 736 3068
145 742 3125
293 837 1572
278 769 2464
149 737 2958
298 844 1557
145 744 2986
298 858 1547
154 745 2955
301 845 1550
157 746 2951
299 846 1548
154 747 2857
306 849 1533
151 748 2820
302 851 1532
147 748 2876
301 867 1522
304 852 1527
147 753 2853
307 854 1522
157 756 2814
304 862 1517
151 758 2815
153 765 2762
154 764 2689
155 760 2673
160 763 2659
159 755 2670
162 755 2640
156 769 2662
166 758 2638
166 760 2634
167 762 2628
170 760 2621
172 764 2613
173 766 2522
171 769 2518
173 769 2488
170 774 2482
176 766 2484
179 771 2445
182 778 2407
179 779 2407
182 781 2404
186 782 2393
187 788 2317
313 856 1498
182 789 2297
181 796 2297
187 791 2275
189 798 2240
189 791 2252
191 796 2248
195 793 2241
200 795 2229
209 795 2203
221 792 2202
206 791 2222
216 800 2190
219 798 2189
220 802 2174
222 809 2159
220 810 2147
223 812 2146
234 806 2146
230 809 2064
241 809 2022
232 810 2047
228 813 2037
227 816 2034
229 814 2028
237 810 2032
236 813 2021
237 816 1993
232 821 1988
236 817 1970
245 815 1943
244 813 1956
243 815 1947
243 817 1942
246 818 1927
247 808 1919
262 798 1877
249 800 1873
252 801 1871
256 799 1868
265 799 1857
261 802 1851
257 803 1848
267 802 1825
264 800 1829
274 804 1791
276 806 1790
278 799 1791
277 810 1780
273 822 1769
279 808 1755
279 813 1740
281 812 1726
286 812 1708
282 813 1708
282 815 1704
290 792 1695
288 803 1697
292 786 1668
295 787 1652
298 789 1637
298 797 1632
299 796 1629
301 804 1606
300 798 1607
306 792 1571
314 787 1585
308 793 1570
310 799 1565
309 789 1566
313 793 1556
316 790 1552
314 855 1490
312 794 1545
312 857 1486
317 853 1475
312 860 1470
319 852 1470
323 845 1441
322 846 1440
324 859 1430
324 861 1426
331 851 1428
326 866 1420
327 852 1428
332 850 1421
331 859 1407
330 862 1399
336 867 1387
334 869 1386
333 872 1383
334 879 1378
345 859 1360
335 868 1355
349 858 1371
341 864 1345
340 866 1339
347 867 1333
344 865 1335
347 861 1336
348 861 1322
348 863 1320
348 864 1316
352 868 1310
356 866 1300
356 868 1298
362 841 1303
360 856 1272
370 820 1209
376 812 1207
371 815 1206
372 817 1204
377 817 1199
373 813 1202
376 826 1184
373 823 1186
375 833 1179
374 829 1181
375 828 1181
379 823 1163
380 819 1148
383 816 1126
381 825 1116
385 819 1111
385 820 1110
387 821 1101
388 822 1095
479 503 660
362 845 1275
367 826 1314
363 841 1267
366 835 1266
326 850 1439
330 845 1437
326 844 1440
151 787 2706
111 737 3492
213 617 3132
33 669 4613
33 673 4594
390 45 889
390 51 860
391 48 857
47 703 4281
391 44 862
47 700 4289
392 44 858
392 41 861
389 48 874
390 49 863
53 702 4230
390 50 862
51 703 4233
391 46 861
49 703 4267
390 46 864
392 45 840
61 686 4398
643 46 488
64 684 4235
64 686 4234
66 683 4243
68 677 4412
66 681 4412
66 684 4199
65 684 4232
645 38 483
644 42 486
47 696 4294
61 691 4269
59 694 4260
644 47 483
66 682 4355
60 692 4259
641 48 494
65 686 4228
64 683 4345
65 688 4223
642 45 497
60 690 4302
77 676 3917
75 680 3928
75 679 3932
79 670 4106
77 682 3913
128 625 3476
130 626 3375
129 626 3422
130 627 3364
128 628 3369
128 633 3356
126 635 3407
130 625 3454
129 628 3326
128 629 3358
127 635 3374
75 670 4143
70 680 4162
72 683 3945
74 672 4031
70 676 4172
73 675 3984
73 678 3956
74 673 3935
70 682 4161
74 687 3932
73 679 3946
74 671 4123
74 674 3933
72 672 4143
72 676 3964
72 674 4094
72 677 3957
76 667 4123
76 671 4122
84 671 4068
87 666 3884
89 659 4056
85 667 3882
83 666 4095
84 670 4090
87 663 3890
87 668 3869
85 664 4027
87 670 3868
85 662 4094
85 665 3987
83 670 4094
86 676 3878
89 658 4070
87 661 4074
81 669 4120
134 611 3498
132 612 3610
133 616 3501
133 614 3518
134 607 3693
87 675 3802
89 680 3784
88 677 3791
85 683 3854
94 682 3770
94 680 3772
92 679 3779
94 677 3774
93 678 3777
94 676 3782
110 659 3523
110 657 3524
112 651 3508
110 654 3525
110 652 3535
101 653 3765
103 655 3709
99 656 3907
99 659 3740
102 657 3711
101 655 3734
101 657 3719
101 651 3924
103 661 3701
106 641 3606
104 641 3795
104 645 3610
102 643 3832
106 642 3597
106 643 3592
102 644 3814
106 639 3776
104 644 3613
105 641 3614
108 634 3776
106 636 3779
105 644 3608
102 646 3813
104 642 3622
105 640 3616
104 638 3814
104 647 3602
103 647 3809
112 645 3589
112 646 3582
110 647 3586
111 646 3589
110 648 3581
111 648 3569
119 639 3495
117 644 3521
121 639 3474
119 642 3487
116 643 3533
118 634 3529
120 627 3713
118 636 3517
116 636 3537
120 626 3716
120 628 3699
112 634 3758
116 628 3721
115 626 3767
116 629 3649
115 632 3549
118 624 3721
116 630 3548
114 631 3553
115 641 3546
116 627 3757
117 626 3745
113 631 3737
117 627 3728
115 628 3752
112 632 3763
114 630 3742
115 630 3721
116 631 3540
130 612 3654
126 618 3692
128 618 3482
124 623 3692
126 619 3596
128 615 3679
124 621 3695
125 638 3513
124 628 3571
124 625 3689
126 621 3517
125 625 3681
125 627 3519
126 622 3488
127 618 3689
132 610 3666
128 616 3514
129 617 3505
130 615 3510
130 611 3681
132 608 3666
128 617 3508
126 617 3708
129 614 3631
127 619 3511
128 614 3704
135 617 3483
139 602 3650
135 610 3491
138 603 3674
135 612 3484
135 609 3517
137 610 3483
137 609 3499
135 604 3688
137 604 3650
133 610 3523
133 607 3731
131 613 3610
135 606 3525
132 613 3540
131 610 3735
135 607 3523
137 602 3693
141 604 3635
141 606 3457
141 603 3647
143 605 3463
143 611 3454
143 601 3617
145 599 3632
143 604 3464
148 606 3449
150 599 3612
146 611 3449
148 611 3440
147 609 3450
155 597 3398
153 590 3597
151 603 3448
152 591 3499
153 595 3404
155 596 3399
155 589 3559
155 595 3403
151 598 3520
151 595 3601
153 593 3434
151 596 3597
157 585 3559
155 588 3589
154 594 3407
157 596 3395
159 591 3496
159 593 3396
160 589 3552
159 595 3386
157 592 3401
157 595 3400
161 586 3546
158 596 3383
157 598 3390
158 594 3396
160 594 3382
162 585 3556
160 591 3408
158 595 3395
159 597 3345
160 596 3373
167 578 3535
163 588 3382
163 589 3366
165 591 3349
163 582 3583
164 584 3526
163 585 3388
162 588 3529
164 588 3361
161 588 3543
161 590 3412
164 587 3378
163 583 3573
167 577 3566
165 582 3535
164 583 3558
167 583 3327
166 581 3571
168 582 3345
169 581 3389
170 577 3550
170 579 3395
170 581 3378
166 584 3486
168 579 3503
168 576 3586
169 575 3556
168 580 3399
172 573 3548
169 578 3412
171 574 3535
171 578 3408
170 580 3393
171 579 3392
173 572 3553
173 571 3612
171 577 3415
169 580 3396
130 632 3309
178 575 3226
181 574 3219
177 579 3296
179 575 3222
179 574 3243
177 578 3323
177 575 3424
180 573 3343
179 572 3387
177 573 3425
184 579 3140
184 575 3148
181 569 3338
183 565 3347
183 564 3356
187 557 3350
184 563 3187
185 560 3318
185 564 3157
185 568 3150
181 566 3359
181 567 3356
185 571 3144
184 566 3169
181 568 3344
183 567 3171
183 568 3152
184 567 3154
183 566 3258
187 559 3319
186 559 3338
182 569 3331
187 558 3349
179 573 3357
179 571 3395
183 580 3141
289 457 2946
290 447 2940
292 449 2843
289 450 3000
287 459 3009
291 453 2835
292 446 2998
289 459 2924
293 446 2849
289 453 2973
287 456 3025
288 452 3008
289 452 2998
291 450 2843
291 447 2902
288 456 2991
291 446 2999
291 445 3000
293 442 2928
289 456 2967
293 451 2832
294 455 2819
294 458 2784
292 457 2787
295 454 2809
294 456 2799
290 453 2931
294 461 2782
303 441 2927
303 443 2925
301 447 2799
302 440 2943
299 447 2806
299 449 2769
301 444 2885
305 445 2796
305 441 2797
303 444 2797
305 447 2775
308 440 2904
307 442 2782
304 448 2787
310 430 2767
310 429 2885
309 430 2906
313 426 2758
309 427 2907
311 428 2804
309 432 2880
311 426 2901
310 428 2893
296 452 2762
312 426 2887
311 429 2744
307 437 2908
309 435 2797
309 437 2754
311 434 2716
311 433 2719
307 436 2913
315 420 2848
314 422 2834
315 424 2708
314 425 2830
315 422 2808
317 422 2770
314 428 2751
313 423 2851
313 434 2698
317 419 2819
311 427 2875
319 425 2699
319 423 2726
318 411 2779
316 416 2875
318 409 2825
316 419 2839
317 414 2847
316 418 2852
315 428 2664
258 811 1818
261 804 1809
259 815 1809
257 815 1820
260 805 1800
258 820 1812
258 822 1807
262 812 1795
264 803 1809
260 814 1799
258 813 1813
259 812 1817
257 825 1815
258 809 1819
257 814 1842
320 408 2699
319 405 2739
319 414 2738
323 401 2600
323 402 2581
323 403 2513
324 402 2482
324 404 2437
324 397 2555
325 400 2528
322 400 2606
324 401 2554
326 401 2480
325 403 2418
322 399 2617
322 403 2567
323 404 2452
322 401 2605
321 402 2625
322 405 2515
321 410 2610
321 409 2611
320 411 2604
322 402 2591
323 400 2603
332 402 2416
332 377 2601
326 380 2708
328 384 2462
325 381 2596
328 380 2536
330 378 2606
329 386 2451
328 379 2605
327 385 2562
330 379 2593
342 398 2426
330 397 2428
330 391 2430
328 393 2446
326 396 2564
326 389 2589
330 386 2436
326 390 2584
326 392 2576
324 389 2602
327 389 2549
349 362 2502
346 372 2358
349 363 2493
344 367 2522
345 365 2493
347 367 2410
344 373 2423
347 369 2373
343 371 2426
341 372 2516
345 371 2375
347 364 2502
345 362 2504
346 371 2374
346 368 2394
345 369 2395
347 365 2487
343 369 2507
344 369 2499
341 370 2538
343 367 2528
345 366 2481
342 380 2510
347 373 2337
347 374 2325
344 377 2359
345 373 2355
342 382 2478
350 366 2467
642 46 496
260 815 1789
389 53 870
49 700 4268
48 701 4282
391 47 858
392 46 839
59 691 4272
392 49 837
61 688 4275
49 698 4277
63 683 4450
392 51 786
125 753 3090
125 757 3089
127 760 3087
133 761 3053
33 668 4808
133 762 3027
33 674 4585
33 667 4818
132 770 3013
31 676 4808
132 773 3009
32 675 4606
32 669 4632
134 769 2999
33 676 4557
134 774 2893
32 673 4618
32 672 4622
31 674 4836
137 776 2887
32 681 4570
141 778 2882
35 666 4798
143 778 2866
145 780 2834
145 782 2833
35 667 4797
145 785 2832
145 791 2819
32 677 4602
147 791 2720
35 668 4796
32 684 4567
147 792 2714
31 687 4793
149 797 2587
151 797 2579
33 687 4551
31 691 4788
32 693 4561
33 691 4550
32 696 4553
155 792 2571
33 694 4544
31 693 4784
157 793 2570
157 795 2569
157 800 2563
159 800 2555
31 696 4783
33 697 4538
31 698 4782
159 801 2535
31 699 4780
33 698 4531
32 698 4545
160 802 2519
160 806 2518
32 704 4532
33 704 4523
162 803 2512
162 805 2500
33 706 4521
31 705 4760
162 809 2499
31 711 4742
33 709 4515
31 708 4754
31 710 4753
163 812 2487
33 712 4509
33 707 4517
32 706 4522
33 710 4514
32 714 4510
33 711 4512
32 711 4517
32 710 4518
164 814 2473
164 817 2471
166 816 2454
31 717 4736
168 809 2451
33 714 4448
169 807 2435
31 719 4684
32 717 4448
31 718 4686
33 713 4476
31 721 4682
171 811 2430
31 720 4683
32 715 4456
31 722 4634
31 723 4632
35 716 4398
33 718 4396
34 717 4416
36 677 4543
38 712 4410
32 720 4405
33 731 4392
38 716 4357
38 713 4371
38 718 4354
38 714 4369
38 711 4418
35 720 4394
35 730 4393
173 813 2426
38 675 4505
177 819 2384
36 670 4545
205 823 2222
205 824 2221
37 672 4542
36 668 4611
36 674 4544
38 664 4520
38 672 4514
37 673 4521
40 659 4718
207 818 2214
38 673 4511
40 669 4519
40 673 4510
42 670 4503
42 676 4497
39 685 4492
43 675 4489
41 680 4499
42 678 4468
43 681 4461
41 684 4497
42 690 4450
43 684 4444
58 666 4509
60 660 4678
57 669 4508
60 663 4675
58 669 4480
58 667 4481
58 672 4471
59 663 4692
58 676 4462
46 691 4322
44 697 4378
46 696 4315
46 689 4325
45 693 4403
45 695 4323
565 333 286
46 697 4290
211 821 2173
211 822 2170
213 823 2156
569 304 277
215 822 2144
569 304 277
216 817 2122
571 289 276
572 275 276
218 817 2114
574 274 276
577 269 276
218 820 2099
579 269 275
218 826 2098
580 271 274
218 829 2083
580 272 271
218 831 2071
219 832 2067
219 835 2063
220 834 2059
222 834 2050
224 831 2038
224 835 2030
225 833 2028
225 836 2027
226 829 2017
588 167 220
228 829 2007
588 167 220
588 167 220
230 825 2003
588 167 220
230 828 2002
588 167 220
230 829 1999
588 167 220
588 167 220
588 167 220
588 167 220
588 167 220
588 167 220
588 167 220
588 167 220
588 167 220
232 831 1979
588 167 220
588 167 220
234 830 1967
588 167 220
236 824 1964
588 167 220
588 167 220
238 826 1963
588 167 220
240 825 1939
589 169 219
240 828 1931
240 829 1930
240 830 1929
242 833 1915
244 827 1911
244 829 1908
244 834 1861
245 834 1858
255 827 1820
262 831 1768
264 838 1746
264 840 1743
268 840 1736
272 834 1681
273 835 1680
277 832 1664
277 834 1661
275 835 1658
277 836 1653
277 837 1651
277 842 1646
279 838 1639
279 846 1635
281 848 1631
284 848 1617
283 854 1601
285 851 1600
290 838 1593
291 836 1589
291 837 1580
291 839 1579
291 840 1577
292 841 1576
296 843 1564
296 848 1552
296 849 1551
298 846 1550
299 856 1547
301 851 1535
301 852 1529
301 857 1528
301 862 1525
303 864 1522
305 857 1520
307 860 1500
308 857 1496
310 857 1489
314 858 1482
319 855 1468
320 846 1448
320 850 1443
321 850 1441
324 853 1433
324 858 1432
324 864 1425
324 867 1424
326 860 1421
328 862 1407
328 863 1406
330 864 1398
332 868 1395
332 871 1393
332 872 1386
332 874 1384
332 877 1382
334 882 1377
336 869 1352
338 870 1351
340 862 1346
342 862 1340
342 867 1337
346 868 1334
346 869 1332
346 872 1331
350 869 1312
352 871 1309
354 870 1307
354 874 1303
356 869 1297
358 859 1287
360 846 1282
362 844 1279
364 841 1266
366 837 1259
368 826 1244
368 831 1241
370 819 1210
370 821 1204
371 819 1203
372 818 1195
372 820 1193
374 828 1184
376 831 1168
377 828 1146
377 829 1140
378 825 1139
380 820 1129
380 821 1128
382 821 1124
385 822 1106
388 821 1100
438 698 710
441 698 704
441 701 703
445 697 699
446 676 692
446 677 688
450 683 682
452 683 677
452 686 676
454 682 672
458 677 670
458 678 669
459 686 659
460 678 655
461 678 652
463 675 646
467 662 633
467 667 631
469 666 629
471 674 625
471 675 623
471 676 622
473 673 614
473 674 612
474 671 607
478 607 518
478 607 518
478 605 517
591 165 218
490 343 238
490 343 238
490 343 238
490 343 238
490 343 238
490 343 238
490 343 238
490 343 238
490 343 238
490 343 238
490 343 238
490 343 238
490 343 238
490 343 238
490 343 238
490 343 238
490 343 238
490 343 238
490 343 238
490 343 237
490 343 237
490 343 237
490 343 237
490 343 237
490 343 237
490 343 237
490 343 237
490 343 237
490 343 237
490 343 237
490 343 237
490 343 237
490 343 237
490 343 237
393 4 802
317 798 1518
315 795 1523
316 802 1521
325 797 1445
320 771 1493
328 778 1473
335 773 1457
328 772 1479
332 770 1459
333 764 1461
343 747 1454
332 763 1462
338 757 1444
336 762 1435
340 759 1421
342 756 1421
337 765 1430
341 766 1409
347 756 1407
342 763 1415
344 766 1406
345 760 1407
347 763 1401
340 769 1404
347 765 1398
349 752 1405
353 757 1378
354 750 1375
360 754 1350
357 743 1357
361 749 1354
362 752 1347
366 752 1340
362 759 1345
360 761 1345
368 754 1337
368 756 1334
363 758 1341
366 758 1332
364 771 1331
367 765 1325
370 756 1293
373 748 1286
369 748 1294
374 747 1285
375 740 1271
383 739 1263
377 736 1270
375 738 1273
388 739 1251
381 741 1263
384 742 1253
388 742 1238
568 295 413
569 294 283
646 14 457
233 829 1970
572 274 283
560 328 444
576 270 276
565 314 386
577 268 284
238 833 1961
569 285 320
570 277 279
239 825 1957
562 326 364
569 305 276
578 221 402
241 831 1927
586 173 223
579 199 312
245 820 1905
586 169 226
580 203 290
248 831 1903
246 836 1851
585 174 228
582 177 266
586 172 224
244 832 1863
587 167 228
247 835 1853
582 182 241
249 820 1845
251 825 1841
583 181 256
251 827 1826
584 172 229
253 826 1824
581 190 261
265 828 1773
266 828 1762
264 830 1747
267 833 1743
264 841 1737
276 830 1684
269 838 1692
281 832 1660
278 841 1649
274 834 1667
279 836 1646
283 840 1632
280 838 1636
279 842 1636
283 841 1629
280 850 1625
308 855 1503
437 699 711
438 705 709
437 697 717
440 694 709
440 699 704
440 697 705
444 696 708
442 699 701
448 675 693
447 677 683
452 682 679
453 681 678
456 680 670
459 673 665
457 676 673
459 680 663
460 672 658
473 660 692
465 662 637
471 661 635
471 671 627
472 679 621
469 675 626
473 666 619
474 662 615
478 603 543
477 606 534
477 608 528
478 604 524
479 602 519
479 612 507
478 619 508
487 349 260
481 392 558
486 352 320
485 355 276
487 344 261
480 395 386
492 340 248
491 338 304
486 351 341
489 343 243
483 380 359
489 344 242
485 360 273
581 201 247
488 347 241
587 169 221
483 366 417
484 360 354
486 359 266
483 379 374
484 375 292
486 360 263
482 378 420
488 343 269
492 341 239
487 358 259
491 341 241
489 357 240
491 342 238
490 342 241
488 344 243
486 354 296
394 3 750
492 346 236
564 337 296
220 815 2116
565 332 289
567 308 285
566 317 296
566 311 319
566 316 298
563 318 302
395 3 737
568 307 279
69 685 4195
97 657 3942
100 655 3945
149 597 3635
177 572 3428
180 569 3393
301 440 2954
303 437 2946
307 434 2920
308 432 2907
312 425 2889
353 361 2497
355 359 2492
357 350 2486
359 342 2475
362 341 2471
365 338 2423
365 340 2421
366 334 2421
366 328 2431
368 327 2413
372 323 2375
370 324 2374
374 321 2318
377 319 2308
379 315 2314
380 316 2298
382 314 2291
384 313 2225
388 309 2218
192 554 3350
195 552 3321
196 553 3320
205 544 3314
207 543 3314
209 538 3298
215 532 3297
211 534 3293
224 527 3266
228 524 3241
232 521 3234
236 512 3220
239 511 3213
236 513 3210
241 510 3199
245 507 3169
249 503 3150
251 502 3129
253 499 3119
256 493 3081
259 490 3079
267 481 3085
269 480 3116
273 474 3102
279 471 3070
279 470 3090
283 469 3087
285 467 3049
108 740 3529
109 738 3518
110 742 3395
116 743 3382
118 740 3376
119 739 3362
120 724 3352
122 726 3343
123 727 3274
125 728 3259
125 729 3254
125 730 3249
127 730 3234
127 733 3233
131 734 3200
129 733 3201
145 743 3124
145 746 2986
147 744 2983
147 745 2982
147 750 2870
147 750 2870
147 752 2867
149 749 2851
149 757 2837
151 759 2786
152 768 2780
154 760 2693
157 759 2670
159 756 2668
160 755 2667
155 762 2672
164 760 2637
166 762 2633
166 763 2631
170 765 2526
168 766 2528
171 771 2495
175 771 2447
175 775 2426
177 777 2423
180 792 2321
180 793 2298
183 791 2287
185 793 2261
187 793 2255
187 796 2254
202 794 2230
204 790 2224
214 802 2195
214 803 2194
216 803 2184
217 808 2173
218 808 2167
223 813 2142
223 814 2141
223 822 2084
224 818 2075
226 815 2043
226 816 2042
229 818 2025
229 821 2023
230 819 2014
232 820 2003
233 814 2001
233 817 1997
235 818 1975
235 820 1968
239 819 1963
240 814 1962
237 821 1965
240 815 1955
244 816 1942
246 813 1939
241 817 1945
246 816 1928
248 808 1915
255 809 1868
260 803 1844
275 813 1781
274 814 1762
276 811 1747
277 813 1741
277 814 1737
277 816 1732
278 820 1722
278 822 1715
284 813 1706
286 813 1705
280 815 1709
288 804 1696
290 795 1693
292 788 1661
294 789 1656
296 790 1651
296 793 1650
298 793 1636
298 798 1631
302 799 1601
302 800 1600
303 790 1579
305 789 1576
305 792 1574
311 792 1558
311 794 1548
313 797 1529
318 786 1510
319 783 1506
324 775 1480
328 773 1475
326 773 1477
330 769 1466
335 759 1458
331 764 1463
337 760 1445
337 761 1442
336 763 1434
338 760 1424
340 765 1418
338 762 1420
338 766 1416
340 767 1414
342 764 1411
344 762 1407
345 763 1406
338 769 1415
351 751 1395
349 763 1397
351 753 1393
351 755 1387
354 751 1374
354 753 1372
354 756 1371
354 757 1366
356 752 1361
359 749 1355
364 755 1341
364 756 1338
364 758 1336
364 760 1333
366 765 1327
366 767 1326
367 766 1324
368 759 1312
372 748 1288
375 741 1272
384 741 1259
378 738 1267
387 740 1240
386 741 1241
387 743 1239
387 750 1226
388 750 1215
386 754 1231
387 753 1220
388 746 1216
649 10 453
657 5 366
