104 12 18
99 15 17
99 15 17
99 15 17
38 285 72
40 283 71
42 278 68
42 280 67
44 279 66
73 131 18
62 139 18
62 139 18
63 134 18
56 146 18
56 146 18
56 146 18
56 146 18
56 146 18
58 141 18
50 152 18
51 148 17
49 153 17
48 160 17
47 161 17
46 178 17
95 1 27
25 286 74
14 239 109
16 237 109
18 235 107
20 226 103
22 224 101
23 223 101
25 221 96
27 218 96
29 216 96
31 215 96
44 206 86
45 206 85
95 1 27
12 242 110
26 238 85
28 235 84
29 219 82
31 218 81
32 216 80
33 212 79
37 207 77
95 1 27
10 244 110
95 1 27
10 246 109
13 241 98
15 238 97
15 239 96
17 237 95
18 237 94
20 232 90
20 233 89
22 235 88
24 236 86
95 1 27
11 245 99
95 1 27
95 1 27
95 1 27
95 1 27
95 1 27
95 1 27
95 1 27
95 1 27
95 1 27
95 1 27
95 1 27
95 1 27
95 1 27
95 1 27
95 1 27
95 1 27
95 1 27
95 1 27
95 1 27
92 1 30
92 1 30
10 263 86
10 263 86
10 263 86
10 263 86
10 263 86
10 263 86
10 306 80
14 289 75
17 271 75
20 270 76
20 269 77
23 267 80
10 263 86
27 253 80
30 248 81
10 263 86
10 263 86
10 263 86
10 263 86
10 263 86
10 241 111
