16 79 730
16 80 729
16 82 728
16 84 727
16 85 726
16 99 721
16 89 722
34 132 656
36 132 655
38 130 651
40 128 641
61 182 533
61 171 535
64 173 524
66 171 521
66 173 519
68 184 503
68 185 502
68 193 499
68 186 500
69 188 487
69 188 487
69 189 486
70 182 473
70 182 473
70 182 473
70 193 472
70 215 469
72 214 467
72 215 466
72 221 457
72 221 457
74 208 449
75 163 347
75 163 347
75 164 342
76 152 332
83 112 368
84 142 350
84 146 348
29 115 680
85 139 330
86 133 325
20 117 668
41 39 537
19 86 720
41 39 537
21 89 704
41 39 537
41 39 537
41 39 537
41 39 537
23 91 701
41 39 537
23 92 700
41 39 537
41 39 537
41 39 537
41 39 537
24 92 696
41 39 537
24 95 694
41 39 537
26 96 692
41 39 537
41 39 537
41 39 537
28 94 687
41 39 537
28 98 686
41 39 537
41 39 537
30 97 680
41 39 537
32 94 676
41 39 537
41 39 537
33 93 672
41 39 537
41 39 537
41 39 537
34 93 668
41 39 537
34 95 667
41 39 537
34 101 666
41 39 537
36 102 658
41 39 537
37 103 657
41 39 537
41 39 537
37 104 654
41 39 537
39 102 653
41 39 537
39 104 652
62 173 531
62 174 529
65 173 521
67 174 518
67 175 508
67 177 506
69 175 505
71 175 504
73 170 504
41 39 537
41 39 537
41 39 537
41 39 537
41 39 537
41 39 537
41 39 537
41 39 537
41 39 537
41 39 537
41 39 537
41 39 537
41 39 537
41 39 537
41 39 537
41 39 537
41 39 537
41 39 537
41 39 537
41 39 537
41 39 537
41 39 537
41 39 537
41 39 537
17 85 722
91 36 405
93 36 402
16 100 720
16 102 719
16 104 718
16 107 717
16 108 715
16 109 710
16 111 703
16 112 700
16 113 691
16 114 690
16 116 689
16 121 665
16 120 671
