259 84 1
42 675 94
258 90 1
46 666 102
257 94 1
256 107 1
116 525 1
253 126 1
115 527 1
247 138 1
246 148 1
245 153 1
235 167 1
78 622 111
135 506 1
89 608 114
235 167 1
183 343 1
235 167 1
235 167 1
66 652 101
234 172 1
233 178 1
42 674 99
230 206 1
60 652 103
229 211 1
62 646 103
228 216 1
157 442 1
227 219 1
64 642 103
222 225 1
222 225 1
66 640 104
68 635 105
222 225 1
153 467 1
216 251 1
209 265 1
209 265 1
209 265 1
208 274 1
114 532 1
206 277 1
205 283 1
191 294 1
191 294 1
191 294 1
191 294 1
258 86 3
40 681 94
259 83 2
191 294 1
70 640 103
190 296 1
76 631 106
187 309 1
77 625 107
77 624 108
185 326 1
184 336 1
53 658 108
179 351 1
179 351 1
176 377 1
168 392 1
168 392 1
168 392 1
168 392 1
168 392 1
167 398 1
166 400 1
165 401 1
164 403 1
163 404 1
160 426 1
158 434 1
156 454 1
151 470 1
150 471 1
144 485 1
143 491 1
132 513 1
132 513 1
132 513 1
132 513 1
132 513 1
132 513 1
131 516 1
130 518 1
126 520 1
126 520 1
113 539 1
111 543 1
108 551 1
107 553 1
120 518 5
79 623 109
155 463 1
237 166 1
219 247 1
77 629 106
211 259 1
193 292 1
193 290 4
178 351 3
224 224 1
218 247 4
168 390 2
161 418 1
128 519 1
129 516 2
109 547 1
106 569 1
256 101 6
94 596 114
89 645 97
88 646 99
89 641 101
90 634 101
91 633 101
93 626 102
93 625 104
95 624 104
58 656 102
256 105 2
254 108 1
254 107 3
254 106 5
254 105 7
255 104 8
103 621 101
104 616 101
105 614 101
118 524 1
120 523 1
124 517 4
126 516 4
132 504 23
133 503 23
135 501 25
136 500 25
138 499 26
140 497 20
66 650 102
78 639 104
118 523 2
120 521 3
122 519 3
246 140 16
245 149 3
244 152 3
248 131 3
245 147 18
246 146 5
249 129 1
245 146 20
246 143 8
247 134 3
246 147 3
249 128 2
249 127 4
234 168 12
80 620 108
235 166 3
234 166 13
81 617 110
83 613 110
85 614 108
89 611 108
91 609 106
92 608 106
94 602 107
96 601 105
97 598 109
99 594 109
99 592 110
101 590 110
102 589 111
102 584 113
104 581 112
105 580 114
105 578 116
137 504 1
139 501 1
141 500 1
142 498 1
97 594 118
99 588 120
101 587 120
104 591 103
102 596 108
231 186 1
229 209 3
226 220 1
218 250 1
50 683 91
238 162 5
233 172 4
228 215 3
210 263 1
240 160 10
231 185 8
228 212 6
221 226 2
210 261 3
238 161 8
233 171 6
228 213 4
226 216 6
226 215 8
221 224 3
209 262 5
239 159 12
224 217 6
232 178 12
209 261 8
223 222 5
236 163 3
233 169 8
214 258 12
233 173 3
222 223 3
226 213 15
224 222 3
220 234 1
210 260 9
209 264 3
215 256 10
124 515 5
239 157 13
239 156 14
125 511 6
127 509 8
129 506 8
139 499 14
141 493 16
143 487 17
206 275 3
102 606 104
207 274 4
204 281 3
208 272 12
208 270 14
195 291 3
197 289 4
191 293 2
195 288 10
205 280 18
42 682 92
203 280 20
204 279 22
202 281 14
190 294 3
199 282 5
205 279 19
51 659 107
54 679 91
58 671 93
59 666 93
59 664 97
60 664 94
181 350 1
152 469 3
192 292 6
189 300 3
182 346 10
175 383 2
195 289 9
186 315 1
182 349 2
201 281 18
181 349 3
196 285 6
183 341 3
197 284 6
178 357 1
188 301 1
199 281 20
198 283 8
175 384 1
170 387 1
172 385 1
174 384 2
174 380 3
157 433 3
159 432 3
148 474 3
149 472 3
153 466 3
145 478 1
147 475 1
146 475 3
154 463 2
155 458 3
155 461 2
136 504 3
138 501 5
140 499 12
141 498 12
134 512 1
134 511 2
134 505 3
135 502 5
137 501 9
138 500 12
140 498 13
142 496 13
270 0 22
52 682 91
44 670 94
257 93 3
46 669 97
48 667 99
50 665 101
52 664 101
54 664 100
57 662 100
59 661 100
60 659 100
62 658 101
48 665 102
50 664 103
52 659 104
54 657 102
56 654 104
58 652 104
58 655 103
50 663 107
44 681 92
48 686 89
270 0 22
40 675 101
261 0 27
261 0 27
261 0 27
261 0 27
261 0 27
261 0 27
246 0 30
260 69 1
246 0 30
246 0 30
246 0 30
246 0 30
246 0 30
246 0 30
244 0 31
243 0 32
261 62 1
240 0 33
239 0 35
271 0 1
271 0 1
271 0 1
271 0 1
271 0 1
271 0 1
271 0 1
271 0 1
271 0 1
271 0 1
271 0 1
271 0 1
271 0 1
271 0 1
271 0 1
271 0 1
271 0 1
271 0 1
271 0 1
271 0 1
270 5 1
269 10 1
268 18 1
267 30 1
264 34 1
263 51 1
265 0 25
260 5 27
248 0 28
245 2 30
246 4 29
242 6 32
238 5 35
270 4 10
267 23 3
266 33 1
38 682 94
38 679 98
42 670 102
46 665 106
72 634 109
74 629 109
76 626 109
88 612 112
90 603 114
92 602 116
38 680 96
38 681 95
38 678 101
38 677 102
