136 1233 35
136 1229 38
136 1161 41
459 41 1
143 1146 40
461 31 0
139 1155 40
462 27 0
138 1147 41
460 38 1
154 1101 42
156 1100 42
160 1094 41
158 1096 42
160 1092 48
162 1080 48
164 1077 46
165 1073 46
165 1068 47
167 1066 47
169 1062 47
170 1056 48
172 1055 48
174 1050 48
176 1044 47
177 1043 48
179 1039 49
179 1041 42
181 1039 45
185 1033 44
190 1030 44
193 1028 42
195 1025 42
197 1023 42
199 1015 47
202 1004 48
204 1002 48
204 1001 49
206 999 49
207 992 57
152 1105 42
157 1093 51
159 1084 51
161 1083 51
198 1015 49
163 1090 44
164 1089 44
166 1077 44
168 1075 44
170 1074 45
171 1064 45
173 1063 44
180 1039 48
180 1040 47
181 1034 47
183 1033 45
185 1032 45
187 1026 45
189 1020 49
191 1018 47
193 1015 50
195 1012 50
196 1030 37
195 1031 38
196 1033 35
198 1020 36
200 1014 36
200 1012 42
201 1010 42
203 1012 41
205 1008 37
206 1004 45
207 1002 46
163 1073 52
164 1060 52
166 1055 52
168 1054 52
170 1053 51
172 1051 59
174 1049 59
176 1037 59
177 1037 58
179 1036 60
180 1029 60
182 1024 60
183 1017 73
183 1022 67
187 1019 64
189 1016 64
190 1016 62
190 1011 63
192 1009 63
194 1008 64
196 1006 66
199 1008 58
203 1000 57
205 997 57
171 1070 44
177 1061 45
197 1020 45
200 1005 54
203 1003 55
145 1153 39
147 1150 39
157 1110 39
160 1100 38
161 1095 37
163 1099 36
165 1100 35
167 1105 34
168 1104 33
169 1103 33
171 1101 34
173 1100 34
141 1154 40
141 1129 43
142 1124 43
144 1111 41
145 1116 40
147 1113 40
148 1117 39
150 1116 38
152 1126 37
154 1125 37
156 1123 37
158 1111 37
160 1111 35
168 1094 39
168 1089 40
170 1088 40
171 1087 38
173 1074 38
175 1064 39
177 1063 39
178 1061 40
180 1057 40
182 1048 40
192 1040 42
139 1214 38
140 1208 38
142 1207 38
143 1194 38
145 1193 38
389 503 0
140 1233 34
365 555 0
399 459 0
393 487 1
387 506 0
358 585 10
389 501 1
385 520 0
365 554 6
362 567 0
376 550 7
369 553 13
375 552 13
338 667 3
402 447 1
403 446 1
377 542 13
379 539 14
381 537 13
381 536 14
344 639 0
346 638 1
347 633 1
349 631 1
351 630 9
352 625 1
352 623 2
354 622 6
354 615 11
354 616 7
336 671 5
339 657 6
327 703 0
334 690 3
334 686 4
333 691 9
324 705 1
326 704 1
328 693 1
330 692 1
321 721 11
316 748 5
317 747 5
310 760 0
311 753 0
313 752 2
315 751 2
302 773 0
304 772 0
305 770 0
307 769 0
280 799 1
282 798 1
290 770 1
292 767 3
294 765 5
298 766 3
300 764 3
302 763 5
297 761 6
299 757 7
300 756 9
301 743 9
303 729 9
304 722 12
305 714 12
305 709 13
307 704 13
305 707 15
305 706 17
307 701 25
309 697 27
311 693 27
312 691 28
313 689 28
325 688 32
327 688 30
329 686 32
330 682 32
332 674 31
334 672 31
257 838 0
259 837 0
261 829 0
284 768 15
286 767 14
285 772 14
258 833 1
260 832 1
262 828 1
264 815 1
263 820 1
272 813 2
274 811 2
276 805 2
275 810 0
276 806 0
277 805 0
279 804 0
281 803 0
283 797 0
282 799 0
284 785 0
286 784 0
288 779 0
290 778 0
251 845 4
251 844 6
252 842 0
253 841 1
255 840 2
257 836 2
281 768 17
283 767 16
283 765 22
284 763 22
283 764 23
285 761 21
287 758 22
288 757 22
289 755 22
289 758 16
291 756 16
291 757 15
293 754 15
295 753 16
296 751 18
251 842 7
253 835 7
253 840 6
255 839 6
258 831 7
259 829 7
261 826 7
264 807 9
266 803 5
268 799 5
270 798 6
272 787 6
273 785 7
275 783 8
273 783 11
275 782 13
275 781 14
277 775 13
219 893 4
220 892 10
242 842 15
244 841 15
244 837 17
246 835 17
246 836 16
248 825 16
247 828 16
247 834 14
248 828 15
247 830 15
249 817 15
249 818 14
252 815 16
254 814 16
255 816 15
257 815 15
259 814 15
260 809 18
219 898 0
248 843 12
250 836 13
251 832 13
255 831 13
257 830 13
259 826 13
261 819 13
263 809 13
263 816 8
263 813 10
265 809 8
271 797 12
270 788 13
270 787 28
270 780 31
271 779 31
272 773 33
273 774 30
272 777 31
275 766 33
274 770 32
276 768 32
278 764 32
276 780 29
264 800 19
265 797 19
266 796 19
267 795 20
279 773 23
285 755 29
286 754 30
286 757 26
286 756 28
288 754 28
292 753 30
298 750 31
300 748 32
464 9 0
140 1137 41
446 158 1
431 275 0
455 83 0
444 163 1
454 88 1
453 92 1
138 1223 38
412 11 7
450 137 0
448 150 1
447 155 1
447 173 0
444 187 0
443 196 0
438 239 0
409 49 6
406 91 10
407 137 7
407 140 6
408 70 10
407 132 8
409 46 7
413 34 3
412 43 3
408 88 7
412 37 4
411 51 3
410 66 3
408 77 8
409 90 5
217 899 0
414 27 3
408 98 6
411 25 7
404 106 12
378 547 0
354 624 0
416 368 1
403 124 14
433 264 0
432 267 0
428 293 0
433 263 1
434 259 0
410 52 5
223 882 0
407 76 10
224 869 0
405 97 11
226 868 0
228 862 1
230 857 1
231 849 6
229 860 6
229 859 14
237 848 17
239 847 16
241 846 21
450 136 1
141 1216 35
410 33 7
221 884 0
409 419 0
400 458 0
386 512 0
427 302 0
414 376 0
415 374 0
384 522 0
392 488 0
363 557 0
358 594 6
338 668 0
343 642 0
335 681 3
323 712 0
325 706 0
324 709 0
319 733 0
320 728 0
308 761 0
249 855 0
250 850 0
248 857 0
210 929 0
209 932 1
138 1229 35
453 112 0
215 901 0
452 120 0
143 1213 35
451 133 0
145 1215 34
147 1218 33
151 1208 35
153 1200 36
448 164 0
417 365 0
154 1193 36
446 179 0
410 414 0
353 630 0
155 1189 36
408 424 0
445 183 0
441 228 0
440 233 0
439 235 0
437 251 0
430 278 0
429 283 0
425 304 0
415 11 3
413 25 4
139 1222 35
418 6 2
423 318 0
422 322 0
421 336 0
419 349 0
418 360 0
413 378 0
412 386 0
411 397 0
406 427 0
405 438 0
404 452 0
403 455 0
398 465 0
397 474 0
395 482 0
390 498 0
390 498 0
383 525 0
382 528 0
381 539 0
380 540 0
379 545 0
361 569 0
361 569 0
361 569 0
361 569 0
361 569 0
361 569 0
361 569 0
361 569 0
361 569 0
361 569 0
360 582 0
359 583 0
358 597 0
356 605 0
355 614 0
352 635 0
350 638 0
341 648 0
341 648 0
341 648 0
341 648 0
340 661 0
337 670 0
336 675 0
334 693 0
333 698 0
322 716 0
322 716 0
322 716 0
322 716 0
322 716 0
321 727 0
318 737 0
318 737 0
306 773 0
306 773 0
306 773 0
306 773 0
252 859 0
252 859 0
252 859 0
252 859 0
252 859 0
252 859 0
252 859 0
252 859 0
252 859 0
247 862 0
247 862 0
247 862 0
247 862 0
235 896 0
213 913 0
454 94 0
213 913 0
213 913 0
213 913 0
213 913 0
213 913 0
213 913 0
213 913 0
213 913 0
213 913 0
213 913 0
213 913 0
213 913 0
213 913 0
213 913 0
213 913 0
213 913 0
212 919 0
211 927 0
208 933 0
208 933 0
442 213 0
449 156 0
416 6 3
416 6 3
416 6 3
416 6 3
416 6 3
416 6 3
416 6 3
416 6 3
416 6 3
416 6 3
416 6 3
416 6 3
416 6 3
416 6 3
416 6 3
416 6 3
416 6 3
416 6 3
416 6 3
416 6 3
416 6 3
414 6 4
465 6 0
465 6 0
465 6 0
465 6 0
465 6 0
465 6 0
465 6 0
463 13 0
460 39 0
459 43 0
458 50 0
457 54 0
456 69 0
136 1234 34
413 6 6
136 1231 37
136 1163 40
142 1133 41
156 1099 43
136 1226 39
136 1158 43
