31 681 4695
31 683 4694
31 688 4693
31 689 4691
31 691 4690
31 693 4689
31 698 4688
31 704 4681
31 711 4637
31 713 4631
31 714 4628
31 717 4613
39 673 4619
53 668 4571
69 655 4483
128 620 4111
126 621 4108
130 616 4103
136 616 4077
140 614 3920
148 599 3857
152 591 3828
154 583 3792
157 583 3789
170 578 3761
181 576 3700
185 576 3699
190 574 3633
203 563 3360
207 558 3330
222 551 3249
225 546 3241
223 547 3240
227 546 3233
235 542 3213
238 540 3183
242 536 3154
246 531 3147
250 531 3127
257 528 3103
264 527 3064
266 527 2996
268 527 2982
272 527 2955
274 523 2955
279 515 2912
281 515 2883
282 515 2882
289 512 2858
307 504 2786
308 500 2740
310 497 2725
319 487 2668
323 487 2632
325 486 2622
557 0 402
42 675 4590
569 0 246
565 0 319
55 666 4545
560 0 355
539 0 549
45 667 4590
547 0 438
49 666 4582
544 0 516
53 674 4564
67 665 4455
75 675 4125
79 676 4102
81 678 4101
83 676 4071
86 667 4046
89 666 4013
91 667 3979
94 665 3978
98 665 3970
100 668 3966
103 666 3947
106 666 3913
108 664 3925
112 661 3909
116 657 3886
117 660 3875
119 662 3869
121 662 3797
125 662 3778
127 662 3542
129 658 3526
132 658 3503
134 657 3501
138 659 3472
142 658 3452
144 660 3388
147 663 3366
147 665 3358
149 669 3347
149 668 3348
153 669 3331
157 665 3334
160 665 3313
164 661 3282
168 662 3273
171 664 3272
175 664 3258
179 670 3248
181 670 3244
185 670 3241
189 675 3240
190 681 3195
192 684 3180
194 681 3141
198 684 3105
202 687 3081
202 695 3080
206 697 3056
209 697 3046
213 699 3041
35 709 4471
38 709 4453
42 712 4425
46 711 4424
50 721 4415
54 721 4379
58 725 4374
62 727 4336
66 727 4305
70 722 4272
96 712 3952
98 717 3934
100 717 3781
104 720 3753
108 716 3744
112 716 3710
114 715 3705
118 724 3677
120 726 3674
124 733 3657
237 712 2817
241 712 2800
567 0 316
544 17 452
555 14 380
544 22 451
543 36 470
555 7 399
567 10 254
561 11 327
538 0 556
565 13 261
560 15 327
563 4 325
557 4 371
554 15 398
570 0 213
568 5 251
558 0 395
43 669 4597
544 0 516
57 652 4551
564 0 326
554 0 407
546 0 511
540 0 539
47 674 4589
55 665 4551
57 674 4384
61 672 4376
65 672 4358
68 677 4353
51 670 4572
69 677 4349
289 724 2484
65 670 4427
69 660 4470
71 653 4247
74 654 4246
78 654 4225
80 653 4221
82 653 4216
86 663 4175
84 650 4405
178 723 3229
180 723 3204
184 717 3174
186 716 3167
188 714 3113
192 720 3095
194 720 3061
196 721 2963
199 715 2962
203 720 2959
207 723 2942
211 723 2935
213 722 2925
216 723 2918
220 727 2908
219 726 2911
221 727 2897
225 734 2880
227 733 2741
230 733 2726
233 736 2718
235 737 2694
237 737 2686
241 734 2667
242 741 2646
244 741 2637
246 743 2550
248 744 2523
252 743 2491
254 739 2488
258 737 2462
260 738 2444
259 745 2450
267 746 2438
269 746 2430
271 746 2399
275 745 2400
277 749 2391
277 741 2393
279 742 2380
283 748 2375
283 746 2376
284 748 2373
281 752 2346
281 751 2347
285 743 2319
50 676 4568
289 743 2311
52 677 4533
292 744 2292
56 671 4493
294 746 2291
60 669 4493
297 747 2257
301 754 2227
86 644 4307
303 750 2226
88 641 4149
301 752 2240
92 640 4133
304 747 2215
96 642 4097
306 747 2212
100 640 4063
309 749 2193
104 631 4030
309 747 2194
107 631 3990
313 754 2186
111 631 3985
317 754 2180
115 629 3979
319 755 2161
117 627 3946
322 768 2157
121 625 3922
321 774 2160
125 625 3920
322 779 2149
128 624 3895
324 775 2152
130 625 3880
328 773 2127
134 627 3858
82 650 4415
137 627 3847
139 625 3835
143 628 3797
146 625 3774
149 635 3754
104 663 4026
145 653 3638
147 650 3620
149 653 3592
153 652 3579
155 656 3569
159 656 3566
163 650 3547
167 649 3528
171 646 3519
173 644 3493
177 646 3483
181 645 3470
313 683 2305
57 661 4527
313 686 2300
61 656 4504
63 657 4487
67 654 4507
316 679 2254
319 683 2247
321 681 2244
321 679 2245
323 680 2224
324 680 2202
328 680 2187
138 622 4040
148 619 3830
131 619 4067
134 623 4059
138 623 4022
134 616 4090
134 613 4091
138 613 4082
142 615 3844
146 623 3813
148 623 3802
171 641 3551
175 641 3530
140 616 3919
169 595 3647
171 595 3639
174 609 3636
174 610 3635
176 613 3523
180 614 3493
182 621 3472
148 600 3854
150 599 3853
179 605 3621
183 609 3616
185 611 3613
183 619 3431
185 613 3286
185 614 3281
187 621 3260
189 618 3244
193 617 3214
197 618 3177
197 620 3176
199 620 3164
201 619 3152
203 619 3143
203 615 3155
203 618 3154
207 618 3132
209 617 3124
212 621 3105
214 619 3078
214 621 3020
216 622 3014
216 623 3013
217 627 2976
215 631 2978
218 634 2942
222 634 2916
226 634 2912
228 628 2887
230 624 2870
230 622 2901
234 631 2826
238 637 2821
273 678 2619
273 679 2618
276 678 2610
162 599 3761
172 590 3688
180 592 3638
159 577 3790
163 579 3778
167 570 3770
171 563 3737
171 561 3748
174 574 3726
182 574 3711
189 576 3649
168 588 3761
172 584 3701
171 584 3713
173 591 3687
176 589 3659
177 588 3664
188 579 3609
266 652 2651
271 649 2635
275 641 2614
279 645 2587
283 643 2542
285 645 2531
283 647 2529
284 656 2516
286 659 2500
288 660 2497
290 662 2488
175 583 3708
174 580 3725
175 577 3713
177 577 3675
180 580 3642
184 578 3615
186 581 3588
190 589 3570
186 575 3701
176 575 3717
180 575 3714
184 575 3705
188 572 3679
188 575 3678
192 571 3651
177 583 3667
181 583 3641
189 584 3587
200 582 3475
187 576 3650
275 613 2770
279 614 2740
289 617 2702
191 581 3483
195 584 3448
193 592 3462
202 600 3428
193 574 3601
195 574 3573
195 575 3571
199 567 3552
201 569 3547
272 611 2792
279 605 2742
283 612 2721
284 620 2715
288 620 2707
299 628 2626
303 634 2611
197 569 3594
200 563 3566
201 565 3565
211 555 3191
213 552 3173
217 556 3169
218 557 3059
220 556 3052
224 556 3044
228 569 3014
232 596 2836
235 602 2828
236 607 2827
240 609 2807
244 617 2801
245 625 2769
248 636 2756
252 627 2748
252 628 2736
253 635 2721
254 630 2698
256 627 2696
260 630 2676
261 624 2674
261 623 2678
264 629 2658
268 629 2654
268 631 2638
272 633 2635
276 630 2621
280 637 2609
283 637 2593
286 637 2588
282 639 2586
282 643 2584
281 643 2586
287 640 2529
289 641 2525
290 640 2525
289 639 2534
291 644 2490
292 647 2479
294 649 2478
295 656 2475
293 662 2450
294 660 2441
297 660 2412
301 654 2387
303 656 2377
306 662 2365
308 660 2367
310 655 2348
312 660 2336
313 664 2325
312 673 2325
310 675 2330
311 679 2307
310 679 2314
314 674 2313
315 672 2280
317 671 2280
321 667 2272
322 665 2271
324 663 2209
265 593 2802
264 595 2802
268 595 2795
272 593 2793
274 596 2786
278 594 2767
278 596 2743
277 599 2751
280 607 2722
282 616 2720
283 619 2716
289 623 2669
289 619 2671
291 619 2666
294 621 2637
295 623 2632
299 629 2624
302 632 2616
230 558 3002
233 561 2964
235 559 2939
238 562 2912
237 562 2913
239 563 2902
241 566 2901
243 570 2886
246 572 2870
250 575 2862
254 573 2854
257 577 2852
261 577 2847
263 575 2812
266 575 2805
268 578 2797
272 577 2799
274 584 2793
278 586 2784
280 581 2782
289 593 2723
300 604 2626
302 610 2621
229 543 3199
229 545 3168
230 552 3163
238 543 3182
249 539 2998
250 542 2995
254 544 2988
254 549 2978
254 555 2977
254 558 2976
249 538 3143
250 534 3119
265 535 3057
284 555 2734
284 559 2733
282 566 2752
290 579 2707
290 582 2702
293 581 2684
295 583 2669
299 579 2651
253 529 3097
253 531 3096
253 535 3079
253 536 3078
259 553 2966
263 551 2944
264 553 2942
264 554 2938
267 560 2908
263 536 3053
268 533 2905
272 532 2882
272 534 2874
275 534 2836
276 535 2833
280 533 2813
281 544 2807
282 543 2797
284 546 2781
286 549 2749
288 546 2748
290 547 2723
292 545 2686
296 539 2680
294 545 2679
296 547 2675
299 549 2667
305 565 2575
321 557 2425
323 554 2410
325 553 2375
270 528 2981
287 542 2795
278 525 2909
280 529 2871
276 526 2923
276 524 2925
278 527 2882
281 521 2879
284 523 2856
286 519 2826
284 524 2830
284 525 2829
284 530 2816
286 535 2803
288 538 2771
289 538 2769
290 534 2765
293 541 2738
276 518 2929
277 521 2924
275 521 2930
280 524 2899
283 514 2857
301 521 2632
301 523 2625
303 527 2615
306 524 2605
304 524 2612
311 532 2599
313 535 2587
313 536 2568
314 534 2544
316 534 2536
319 534 2526
319 535 2517
323 534 2486
323 540 2484
325 542 2481
327 542 2474
327 543 2456
288 516 2848
290 517 2840
317 556 2516
318 557 2509
283 511 2868
288 522 2820
305 571 2449
291 509 2824
291 510 2786
293 513 2778
326 532 2554
295 506 2793
294 509 2796
295 514 2687
299 515 2673
301 519 2659
305 519 2655
309 554 2600
307 560 2416
309 558 2413
313 561 2378
315 562 2375
315 563 2372
317 572 2350
319 576 2348
320 574 2348
324 579 2346
324 581 2342
325 582 2338
328 585 2332
298 504 2833
300 508 2785
303 509 2750
305 511 2744
315 489 2700
320 489 2665
321 495 2635
322 500 2605
324 504 2593
321 521 2619
322 487 2637
322 493 2633
327 483 2604
326 492 2609
328 489 2513
46 676 4575
571 0 210
563 0 334
572 0 199
561 0 346
541 0 530
568 0 281
552 0 417
559 0 367
553 0 412
551 0 423
548 0 430
543 0 524
130 620 4100
138 612 4085
136 614 4080
144 603 3899
157 584 3762
160 582 3781
166 589 3724
192 578 3611
150 600 3660
209 555 3323
209 562 3313
225 549 3232
240 533 3165
244 540 3139
246 533 3146
257 529 3092
262 525 3092
259 527 3076
270 524 2988
272 528 2945
274 529 2926
285 513 2858
308 502 2736
311 498 2722
312 492 2678
321 493 2663
326 489 2621
295 512 2709
545 3 441
552 8 412
47 700 4475
559 8 363
541 9 518
553 10 410
545 2 512
539 6 539
544 2 515
540 3 531
565 7 305
329 6 568
335 0 558
568 11 198
332 0 562
330 3 571
333 3 559
331 7 563
333 2 561
331 9 559
332 3 560
330 0 620
512 56 168
329 7 565
491 66 166
553 16 167
548 31 174
553 19 163
546 36 167
532 46 170
533 45 165
525 52 174
481 74 167
524 54 167
552 3 416
543 4 503
568 9 219
571 6 188
33 682 4476
569 4 189
572 13 184
571 14 183
513 56 161
513 56 161
513 56 161
513 56 161
513 56 161
513 56 161
513 56 161
510 57 161
506 60 161
504 62 161
498 64 161
498 64 161
498 64 161
498 64 161
487 67 161
483 68 161
331 0 564
571 7 187
55 700 4459
489 67 161
56 705 4448
489 67 161
68 704 4349
37 678 4642
331 0 564
571 8 186
331 0 564
572 12 185
554 16 161
554 16 161
554 16 161
554 16 161
554 16 161
554 16 161
554 16 161
554 16 161
554 16 161
554 16 161
554 16 161
554 16 161
554 16 161
553 22 161
552 24 161
551 27 161
550 30 161
549 31 161
548 33 161
547 36 161
546 39 161
545 41 161
543 42 161
542 44 161
536 45 161
536 45 161
536 45 161
536 45 161
536 45 161
533 46 161
533 46 161
532 47 161
529 48 161
526 52 161
525 55 161
331 0 564
331 0 564
331 0 564
51 700 4467
331 0 564
331 0 564
331 0 564
331 0 564
331 0 564
331 0 564
331 0 564
331 0 564
331 0 564
331 0 564
331 0 564
331 0 564
331 0 564
331 0 564
331 0 564
331 0 564
331 0 564
331 0 564
331 0 564
331 0 564
331 0 564
331 0 564
331 0 564
331 0 564
331 0 564
331 0 564
331 0 564
331 0 564
331 0 564
331 0 564
569 1 190
31 718 4612
35 673 4657
31 719 4610
31 725 4599
