16 71 718
16 75 717
16 77 716
16 78 715
16 80 714
16 82 713
16 83 708
16 84 707
16 86 706
16 88 704
16 92 703
16 99 676
16 100 675
16 104 671
28 68 708
16 119 667
32 66 699
35 66 692
16 106 669
47 66 639
48 65 631
51 31 494
19 78 711
51 31 494
19 81 708
51 31 494
19 83 705
51 31 494
19 85 682
51 31 494
20 95 667
51 31 494
18 103 672
51 31 494
18 118 666
51 31 494
39 65 693
51 31 494
19 77 715
52 31 493
55 31 491
52 36 489
53 33 489
89 52 418
92 51 407
93 84 389
87 36 425
98 79 382
41 66 685
85 52 445
98 111 359
101 107 343
51 31 494
51 31 494
51 31 494
20 83 702
51 31 494
24 97 663
51 31 494
26 97 658
51 31 494
28 98 653
51 31 494
32 101 651
51 31 494
36 101 647
51 31 494
38 102 644
51 31 494
41 103 634
51 31 494
45 105 633
51 31 494
51 31 494
18 101 674
22 100 666
50 31 516
21 102 665
90 34 422
91 36 418
32 135 620
35 135 613
91 37 416
39 135 610
91 40 415
91 41 412
93 42 411
47 67 637
93 44 408
21 81 707
93 46 407
23 70 673
93 48 406
27 85 667
93 50 405
27 86 662
93 51 403
93 53 401
34 86 649
93 55 400
34 84 651
93 56 399
37 99 646
24 96 664
93 57 398
56 64 484
22 108 643
19 109 639
26 108 633
30 109 625
32 111 621
36 111 613
40 111 612
42 114 611
42 115 607
42 116 606
44 116 597
47 115 596
46 116 594
48 116 592
93 58 393
55 53 485
53 38 486
58 36 487
60 37 486
55 37 488
57 54 482
84 40 475
85 34 467
43 69 680
86 46 429
93 63 390
94 80 386
84 63 454
25 73 670
57 65 480
29 81 657
29 82 656
61 76 476
33 83 654
62 78 475
44 94 643
50 36 508
44 95 639
51 32 491
46 95 636
90 43 421
100 109 333
100 108 343
91 43 409
90 59 401
92 59 393
91 59 399
89 88 417
96 92 381
94 65 389
22 71 673
102 106 350
99 115 348
94 82 385
95 81 384
97 82 383
97 85 382
97 86 380
98 80 378
97 94 373
97 97 372
96 98 370
98 112 357
97 113 356
99 112 355
100 115 331
101 131 330
20 70 709
101 112 331
102 110 323
100 110 332
95 104 366
90 34 422
90 34 422
88 34 437
90 34 422
87 34 441
89 34 436
88 35 422
91 35 419
38 66 689
16 120 666
44 66 662
45 66 650
16 121 665
16 122 664
19 71 716
16 123 663
16 124 641
